% Filename : LM_Channel_1000_RSTE_uu_prof.dat 
% 
% Description : Terms in Reynolds stress transport equation for u'u'
% 
% Total number of data points  : 256
% 
% 
% 
% 
% The data in this file was extracted from a direct numerical simulation 
% of fully developed plane turbulent channel flow. The file is available at 
% http://turbulence.ices.utexas.edu, where it will be updated as necessary. 
% 
% When publishing results using this data, the following paper should be 
% cited as the source:  
% 
%    Myoungkyu Lee and Robert D. Moser,  
%    Direct numerical simulation of turbulent channel flow up to Re_tau = 5200, 
%    2015, Journal of Fluid Mechanics, vol. 774, pp. 395-415 
% 
% The paper can be found at http://journals.cambridge.org/article_S0022112015002682 
% 
% NOTE: before publication, please check 
% http://turbulence.ices.utexas.edu for any updates to the data and an 
% updated citation 
% 
% 
% Contact to Robert D. Moser(rmoser@ices.utexas.edu) or M.K. Lee(mnlee@sandia.gov) for questions.
% 
% 
% The parameters defining the simulation from which this data were extracted are: 
% 
%  Grid (streamwise)       nx = 2304 
%  Grid (wall-normal)      ny = 512 
%  Grid (spanwise)         nz = 2048 
%  Streamwise domain size  Lx = 8pi 
%  Spanwise domain size    Lz = 3pi 
%  B-Spline order           n = 7 
%  Kinematic Viscosity     nu = 5.00000e-05 
%  Channel half width   delta = 1.000 
%  Avg streamwise vel  U_mean = 1.000 
%  Friction vel         u_tau = 5.00256e-02 
%  Re_tau              Re_tau = 1000.512 
% 
% 
% All data are normalized by u_tau and nu (signified with a ^+) except 
% for y/delta 
% 
% This file was last updated on 6/15/2015.
% 
% 
% 
% Remark: (u_i=u, u_j=u)
% 
%    y/delta              : Grid point in wall-normal direction, Normalized by channel half width 
%    y^+                  : Grid point in wall-normal direction 
%    Production           :  -<u_i' u_k'> dU_j/dU_k + -<u_j' u_k'> dU_i/dx_k 
%    Turbulent Transport  : - d<u_i'u_j'u_k'>/dx_k 
%    Viscous Transport    : nu d^2 <u_i'u_k'> / dx_k dx_k 
%    Pressure Strain      : <p(du_i'/dx_j' + du_j'/dx_i')> 
%    Pressure Transport   : - ( d<pu_i'>/dx_j + d<pu_j'>/dx_i ) 
%    Viscous Dissipation  : 2 nu <du_i'/dx_k du_j'/dx_k> 
%    Balance : Production + Turb_Trans + Visc_Trans + Press_Strain + Press_Trans - Vis_Diss 
% 
% *   Estimated standard deviations of datasets in this file are in the file: LM_Channel_1000_RSTE_uu_stdev.dat 
% 
% **  Data at y/delta = 1.0 is not computed due to code performance optimization 
% 
% *** Analytic values of Pressure_Transport are zero everywhere. These are reported here only for completeness of data with other quantities. 
% 
% -----------End of header--------- 
% 
%         y/delta                    y^+                   Production          Turbulent_Transport        Viscous_Transport       Pressure_Strain         Pressure_Transport        Viscous_Dissipation           Balance        
%--------------------------------------------------------------------------------------------------------------------------------------------------------------------------------------------------------------------------------
    0.000000000000000e+00    0.000000000000000e+00    0.000000000000000e+00    4.309076290968223e-14    3.506518808574267e-01   -1.643625642454273e-19    0.000000000000000e+00    3.506518925822278e-01   -1.172475810884421e-08
    2.764315143122253e-06    2.765729439839074e-03    4.325656986745421e-11    8.533917455022547e-11    3.505819868715882e-01    2.322953776341872e-05    0.000000000000000e+00    3.506052968418457e-01   -8.030389836433116e-08
    1.382146873540879e-05    1.382854016425900e-02    5.412787330918806e-09    1.067663868452737e-08    3.503057965489640e-01    1.152288164720823e-04    0.000000000000000e+00    3.504213480904017e-01   -3.066355395153764e-07
    3.869966314673512e-05    3.871946291763557e-02    1.191048023981872e-07    2.346742045349766e-07    3.497036001723426e-01    3.168848954372047e-04    0.000000000000000e+00    3.500213116471921e-01   -4.728004054377344e-07
    8.292656586705860e-05    8.296899329076779e-02    1.176883129348807e-06    2.314476900308931e-06    3.486940714904235e-01    6.573459427158017e-04    0.000000000000000e+00    3.493551574661017e-01   -2.486729327455528e-07
    1.520290955829839e-04    1.521068776879944e-01    7.298889809562511e-06    1.431379198787324e-05    3.472550822436835e-01    1.144087212088075e-03    0.000000000000000e+00    3.484206524265274e-01    1.297110415743319e-07
    2.515332082846378e-04    2.516618993246350e-01    3.335752894998631e-05    6.516083035118940e-05    3.454272859624090e-01    1.751378569939089e-03    0.000000000000000e+00    3.472771863590895e-01   -3.467440279347755e-09
    3.869636834078483e-04    3.871616642597545e-01    1.228803098655764e-04    2.387301179212294e-04    3.432713830294717e-01    2.409255431475117e-03    0.000000000000000e+00    3.460430221002264e-01   -7.732114927216927e-07
    5.610795948808311e-04    5.613666580367414e-01    3.797609665881959e-04    7.320225985295333e-04    3.407730492474437e-01    2.989057380030955e-03    0.000000000000000e+00    3.448758525392512e-01   -1.962346658834768e-06
    7.738742043458258e-04    7.742701388503129e-01    1.011131425623350e-03    1.925951010178771e-03    3.375975594168312e-01    3.328529392744974e-03    0.000000000000000e+00    3.438669596165401e-01   -3.788371161772552e-06
    1.025339276563786e-03    1.025863867248057e+00    2.384833734039377e-03    4.458317797697708e-03    3.328033864053115e-01    3.267221255630231e-03    0.000000000000000e+00    3.429204467148945e-01   -6.687522215609309e-06
    1.315465079733014e-03    1.316138106449228e+00    5.092846793160764e-03    9.246680730661712e-03    3.246688628458330e-01    2.663300688762979e-03    0.000000000000000e+00    3.416827776575528e-01   -1.108659913440224e-05
    1.644240385865192e-03    1.645081622720975e+00    1.000511441365804e-02    1.738135110909084e-02    3.107108402706177e-01    1.407850917342030e-03    0.000000000000000e+00    3.395225545214309e-01   -1.739781072235269e-05
    2.011652471220593e-03    2.012681685813766e+00    1.828566256865404e-02    2.980808590730682e-02    2.880552883021044e-01   -5.651156204123959e-04    0.000000000000000e+00    3.356098512850607e-01   -2.593012740786937e-05
    2.417687116800127e-03    2.418924069453697e+00    3.133364869444171e-02    4.680119852910320e-02    2.542284118840916e-01   -3.273872432066298e-03    0.000000000000000e+00    3.291260955666703e-01   -3.670889110002351e-05
    2.862328608895792e-03    2.863793051893218e+00    5.061553940478761e-02    6.739160405089255e-02    2.082008698595167e-01   -6.689587380410200e-03    0.000000000000000e+00    3.195676528711590e-01   -4.922693637227082e-05
    3.345559739698523e-03    3.347271416519292e+00    7.738047177041138e-02    8.906033930663364e-02    1.512610147274034e-01   -1.074186364342205e-02    0.000000000000000e+00    3.070222239891035e-01   -6.226182807717029e-05
    3.867361807964542e-03    3.869340452520091e+00    1.122988105731956e-01    1.079854462464670e-01    8.723927323307996e-02   -1.532813186943266e-02    0.000000000000000e+00    2.922693531857353e-01   -7.395500242546316e-05
    4.427714619738898e-03    4.429979955608904e+00    1.551168107899461e-01    1.198899357115028e-01    2.186278596805059e-02   -2.032515149927621e-02    0.000000000000000e+00    2.766266201182691e-01   -8.223914804583732e-05
    5.026596489136725e-03    5.029168228805792e+00    2.044483713624535e-01    1.212166974737917e-01   -3.855792187122390e-02   -2.560046777133393e-02    0.000000000000000e+00    2.615921726368482e-01   -8.549344316088892e-05
    5.663984239183018e-03    5.666882083277795e+00    2.578034864463586e-01    1.101689853978901e-01   -8.859928325802352e-02   -3.102188957709681e-02    0.000000000000000e+00    2.484345467900965e-01   -8.324778096813201e-05
    6.339853202709356e-03    6.343096839236119e+00    3.118820791580497e-01    8.721773837120093e-02   -1.248202364944074e-01   -3.646396627328239e-02    0.000000000000000e+00    2.378923831809152e-01   -7.676841935441714e-05
    7.054177223308256e-03    7.057786326890970e+00    3.630704964472560e-01    5.492979535866727e-02   -1.461811846202016e-01   -4.181165499433157e-02    0.000000000000000e+00    2.300765388208791e-01   -6.908662948901245e-05
    7.806928656345802e-03    7.810922887464708e+00    4.080084163542301e-01    1.725297593393015e-02   -1.537946175071001e-01   -4.696226824048683e-02    0.000000000000000e+00    2.245684248554673e-01   -6.391831489394040e-05
    8.598078370031459e-03    8.602477374262202e+00    4.440769429413409e-01   -2.143572585902071e-02   -1.502419263897771e-01   -5.182693995267678e-02    0.000000000000000e+00    2.206361177042397e-01   -6.376696437340734e-05
    9.427595746545392e-03    9.432419153798731e+00    4.696970054184984e-01   -5.720273292868520e-02   -1.387607455316625e-01   -5.633230025546325e-02    0.000000000000000e+00    2.174700554787543e-01   -6.882877606692595e-05
    1.029544868322330e-02    1.030071610698542e+01    4.843978613420167e-01   -8.714166909309613e-02   -1.225459670860958e-01   -6.042230486250540e-02    0.000000000000000e+00    2.143651198844550e-01   -7.719958413557326e-05
    1.120160359379907e-02    1.120733463037254e+01    4.886855628789032e-01   -1.096009437646390e-01   -1.042926915578461e-01   -6.405967900531918e-02    0.000000000000000e+00    2.108177101672954e-01   -8.546161619640835e-05
    1.214602540970411e-02    1.215223963744949e+01    4.837853024139659e-01   -1.241087407452159e-01   -8.599651970291493e-02   -6.722628944409659e-02    0.000000000000000e+00    2.065437119902639e-01   -8.995946852552450e-05
    1.312867758142522e-02    1.313539456000337e+01    4.713416974483355e-01   -1.311131959134200e-01   -6.895013821637198e-02   -6.992197087756123e-02    0.000000000000000e+00    2.014450320699693e-01   -8.863962898697508e-05
    1.414952207991849e-02    1.415676134953360e+01    4.531448220970037e-01   -1.316555992761456e-01   -5.385477271317615e-02   -7.216190957097976e-02    0.000000000000000e+00    1.955543057014865e-01   -8.176516478433649e-05
    1.520851939808121e-02    1.521630047872461e+01    4.309211386790231e-01   -1.270622981408118e-01   -4.097721975083716e-02   -7.397304323456273e-02    0.000000000000000e+00    1.889793320848910e-01   -7.075453207960880e-05
    1.630562855228079e-02    1.631397094297549e+01    4.062005562123807e-01   -1.187046954602361e-01   -3.030175296600272e-02   -7.538988319622625e-02    0.000000000000000e+00    1.818602179976940e-01   -5.599340777834305e-05
    1.744080708394102e-02    1.744973026198709e+01    3.802514775239292e-01   -1.078442342487768e-01   -2.165183531442966e-02   -7.645034639238749e-02    0.000000000000000e+00    1.743418109711631e-01   -3.674940282777373e-05
    1.861401106118499e-02    1.862353448140579e+01    3.540667196008735e-01   -9.555353052418368e-02   -1.477700755408425e-02   -7.719224197332787e-02    0.000000000000000e+00    1.665580574070112e-01   -1.411785773350327e-05
    1.982519508053548e-02    1.983533817452478e+01    3.283820366544837e-01   -8.268855271448122e-02   -9.407897228486653e-03   -7.765060704675808e-02    0.000000000000000e+00    1.586253258462414e-01    9.653818516364154e-06
    2.107431226867196e-02    2.108509444404186e+01    3.037115769031912e-01   -6.989329382997103e-02   -5.285971964385356e-03   -7.785589082313539e-02    0.000000000000000e+00    1.506421597973775e-01    3.426048832191886e-05
    2.236131428424448e-02    2.237275492387440e+01    2.803887201022376e-01   -5.762551091069323e-02   -2.177100932725587e-03   -7.783314114128352e-02    0.000000000000000e+00    1.426929170818261e-01    6.005003570919154e-05
    2.368615131974483e-02    2.369826978103134e+01    2.586057423507187e-01   -4.618949924381614e-02    1.208700400868140e-04   -7.760234603872800e-02    0.000000000000000e+00    1.348496588495986e-01    8.510825866281380e-05
    2.504877210343381e-02    2.506158771754150e+01    2.384490285949164e-01   -3.576919337531697e-02    1.776817033737388e-03   -7.717940927629589e-02    0.000000000000000e+00    1.271723893795963e-01    1.048535974445819e-04
    2.644912390132592e-02    2.646265597243926e+01    2.199287914283286e-01   -2.645398542332712e-02    2.923720086475624e-03   -7.657700316906442e-02    0.000000000000000e+00    1.197090513261623e-01    1.124715962504547e-04
    2.788715251922946e-02    2.790142032380578e+01    2.030043906811702e-01   -1.826401797416872e-02    3.666127885885712e-03   -7.580585428141473e-02    0.000000000000000e+00    1.124983120533978e-01    1.023342580746267e-04
    2.936280230484456e-02    2.937782509086797e+01    1.876044958296598e-01   -1.117355031373251e-02    4.095917989959999e-03   -7.487587994511694e-02    0.000000000000000e+00    1.055740393867895e-01    7.694417398089459e-05
    3.087601614991642e-02    3.089181313615294e+01    1.736405419587476e-01   -5.124075165100686e-03    4.289232561964653e-03   -7.379664855158123e-02    0.000000000000000e+00    9.896423293627533e-02    4.481786775500929e-05
    3.242673549244579e-02    3.244332586769960e+01    1.610150359103620e-01   -4.286848129830831e-05    4.312716095231406e-03   -7.257750485690409e-02    0.000000000000000e+00    9.269281681170682e-02    1.456185568413093e-05
    3.401490031895527e-02    3.403230324132603e+01    1.496264270256445e-01    4.142693049778140e-03    4.226195110500085e-03   -7.122803383255018e-02    0.000000000000000e+00    8.677695409170411e-02   -9.672738331509279e-06
    3.564044916681175e-02    3.565868376295324e+01    1.393704768770540e-01    7.507950585894297e-03    4.075206912977570e-03   -6.975871924408275e-02    0.000000000000000e+00    8.122295211412504e-02   -2.803698228191764e-05
    3.730331912660501e-02    3.732240449098487e+01    1.301414423227919e-01    1.014352609260342e-02    3.876737126684612e-03   -6.818117423608075e-02    0.000000000000000e+00    7.602512216822524e-02   -4.459086222607933e-05
    3.900344584458260e-02    3.902340103874341e+01    1.218370003607608e-01    1.214181859526178e-02    3.644314304922562e-03   -6.650990008895641e-02    0.000000000000000e+00    7.117487439537287e-02   -6.164122338417344e-05
    4.074076352514011e-02    4.076160757696167e+01    1.143624018788793e-01    1.358402749864647e-02    3.394488346851777e-03   -6.476220183748120e-02    0.000000000000000e+00    6.666152055562111e-02   -8.280466872474801e-05
    4.251520493336736e-02    4.253695683633031e+01    1.076307943610027e-01    1.456251085997099e-02    3.131229604776097e-03   -6.295672916877734e-02    0.000000000000000e+00    6.246942827481679e-02   -1.016226178442853e-04
    4.432670139765083e-02    4.434938011010160e+01    1.015624008719860e-01    1.517065223991129e-02    2.861859917490400e-03   -6.111303690204459e-02    0.000000000000000e+00    5.858267531284651e-02   -1.007991855034168e-04
    4.617518281233113e-02    4.619880725674824e+01    9.608433176444364e-02    1.546834784075336e-02    2.602367324729499e-03   -5.924898380734016e-02    0.000000000000000e+00    5.498533046621590e-02   -7.926734362954935e-05
    4.806057764041582e-02    4.808516670267758e+01    9.112973695536304e-02    1.549722555491246e-02    2.359809865605295e-03   -5.737888674699235e-02    0.000000000000000e+00    5.165946392948349e-02   -5.157830059503848e-05
    4.998281291634821e-02    5.000838544500180e+01    8.663723033191507e-02    1.530484313329044e-02    2.131974868710240e-03   -5.551520710077077e-02    0.000000000000000e+00    4.858888610891750e-02   -3.004487577250997e-05
    5.194181424883126e-02    5.196838905436334e+01    8.255365484767573e-02    1.494265705312991e-02    1.912644864052130e-03   -5.366931701844201e-02    0.000000000000000e+00    4.575531518713910e-02   -1.567544072335336e-05
    5.393750582370627e-02    5.396510167781492e+01    7.883475583926568e-02    1.445948968981546e-02    1.706074845674246e-03   -5.185215177280015e-02    0.000000000000000e+00    4.314208493598949e-02    6.083665965737894e-06
    5.596981040688709e-02    5.599844604175545e+01    7.544102581363590e-02    1.388767196677881e-02    1.521091235381970e-03   -5.007300742377814e-02    0.000000000000000e+00    4.073516784914401e-02    4.161374287453556e-05
    5.803864934734893e-02    5.806834345492015e+01    7.233463075981822e-02    1.324387306631177e-02    1.356371524252448e-03   -4.833830570889061e-02    0.000000000000000e+00    3.851743551207407e-02    7.913412941774195e-05
    6.014394258017242e-02    6.017471381142636e+01    6.947960493461840e-02    1.254214729512381e-02    1.209082157706232e-03   -4.665363415083104e-02    0.000000000000000e+00    3.647060465110353e-02    1.065955855138676e-04
    6.228560862964228e-02    6.231747559387363e+01    6.684312776543654e-02    1.180495431199095e-02    1.077583286255356e-03   -4.502346224936033e-02    0.000000000000000e+00    3.457951506732719e-02    1.226880469953270e-04
    6.446356461239977e-02    6.449654587649793e+01    6.439769066072769e-02    1.105022745475349e-02    9.647996297049526e-04   -4.345080166113702e-02    0.000000000000000e+00    3.283119963384548e-02    1.307164502036412e-04
    6.667772624065105e-02    6.671184032838154e+01    6.212262159475103e-02    1.028831377935405e-02    8.700210756247371e-04   -4.193736447214010e-02    0.000000000000000e+00    3.121316456566156e-02    1.304274119281572e-04
    6.892800782542907e-02    6.896327321671669e+01    6.000097364366572e-02    9.528666850013053e-03    7.852805279483028e-04   -4.048290305825497e-02    0.000000000000000e+00    2.971373407643610e-02    1.182838869360110e-04
    7.121432227990920e-02    7.125075741012280e+01    5.801462852570267e-02    8.784368010456975e-03    7.003547869708269e-04   -3.908725336195862e-02    0.000000000000000e+00    2.831968315613927e-02    9.241480503257432e-05
    7.353658112278016e-02    7.357420438201923e+01    5.614717700429485e-02    8.072447088448648e-03    6.159937337039593e-04   -3.775252973352885e-02    0.000000000000000e+00    2.702215559225093e-02    6.093250066766670e-05
    7.589469448166786e-02    7.593352421405079e+01    5.438730251057083e-02    7.393549069683853e-03    5.430139716163310e-04   -3.647992821372684e-02    0.000000000000000e+00    2.581732415570789e-02    2.661318243629002e-05
    7.828857109661391e-02    7.832862559956811e+01    5.272519085625361e-02    6.754812341477737e-03    4.780935793924800e-04   -3.526901205944084e-02    0.000000000000000e+00    2.469622355506504e-02   -7.138837382052871e-06
    8.071811832360687e-02    8.075941584716060e+01    5.115227459846664e-02    6.170284174149403e-03    4.184483053402343e-04   -3.411760299545371e-02    0.000000000000000e+00    2.365006996775199e-02   -2.666588524941754e-05
    8.318324213816819e-02    8.322580088424431e+01    4.966163471208141e-02    5.627044465666283e-03    3.684868063482301e-04   -3.302241060910828e-02    0.000000000000000e+00    2.267315248390542e-02   -3.839710891777315e-05
    8.568384713899047e-02    8.572768526070200e+01    4.824621560506146e-02    5.107475870765216e-03    3.270956302310533e-04   -3.198056611244430e-02    0.000000000000000e+00    2.175907041090527e-02   -5.884941729183621e-05
    8.821983655163002e-02    8.826497215257763e+01    4.689969889325706e-02    4.615271446944645e-03    2.899988688705915e-04   -3.098892426801784e-02    0.000000000000000e+00    2.090163637814309e-02   -8.559143708863556e-05
    9.079111223225178e-02    9.083756336582316e+01    4.561624741484457e-02    4.163514174241394e-03    2.543981471560163e-04   -3.004389311095346e-02    0.000000000000000e+00    2.009522612044385e-02   -1.049594951553177e-04
    9.339757467142740e-02    9.344535934009856e+01    4.439148470268454e-02    3.754970133513438e-03    2.240969999906472e-04   -2.914223006174111e-02    0.000000000000000e+00    1.933839439285158e-02   -1.100726184040529e-04
    9.603912299798678e-02    9.608825915262541e+01    4.322338996507714e-02    3.379608572635687e-03    1.968882077043788e-04   -2.828024568635774e-02    0.000000000000000e+00    1.862814993019934e-02   -1.085088711398723e-04
    9.871565498292123e-02    9.876616052209194e+01    4.210621594719800e-02    3.021514314914752e-03    1.730837317723135e-04   -2.745530891746780e-02    0.000000000000000e+00    1.795901805939780e-02   -1.135129829805369e-04
    1.014270670433401e-01    1.014789598126118e+02    4.103262884476631e-02    2.677567256408322e-03    1.536644371142671e-04   -2.666724729955814e-02    0.000000000000000e+00    1.732706018817292e-02   -1.304469494421596e-04
    1.041732542464798e-01    1.042265520377349e+02    4.000178160325790e-02    2.367834966270172e-03    1.347160077494878e-04   -2.591543076352548e-02    0.000000000000000e+00    1.672935084927354e-02   -1.404490355214581e-04
    1.069541103137640e-01    1.070088308645100e+02    3.901505033183415e-02    2.102068546431261e-03    1.165374047620466e-04   -2.519824344968067e-02    0.000000000000000e+00    1.616400073453917e-02   -1.285879011923841e-04
    1.097695276249171e-01    1.098256886176003e+02    3.806905523248461e-02    1.868940975087255e-03    1.038521140699735e-04   -2.451449037456471e-02    0.000000000000000e+00    1.563033602013943e-02   -1.029780730623063e-04
    1.126193972221293e-01    1.126770162834501e+02    3.715802086549898e-02    1.664433220003836e-03    9.067431233522233e-05   -2.386327472367075e-02    0.000000000000000e+00    1.512419489313976e-02   -7.434121897246723e-05
    1.155036088142730e-01    1.155627035145041e+02    3.627890536824752e-02    1.476511636324759e-03    8.259418187632456e-05   -2.324357589969691e-02    0.000000000000000e+00    1.464541330808900e-02   -5.097802133730706e-05
    1.184220507811713e-01    1.184826386334774e+02    3.542955901549939e-02    1.293197291082207e-03    7.771465381329185e-05   -2.265375958819361e-02    0.000000000000000e+00    1.419113524371695e-02   -4.442387151566002e-05
    1.213746101779175e-01    1.214367086376778e+02    3.460772154517344e-02    1.134675914074643e-03    6.601321123063424e-05   -2.209022694031999e-02    0.000000000000000e+00    1.375629439171269e-02   -3.811066155396531e-05
    1.243611727392467e-01    1.244247992033793e+02    3.381389874635990e-02    1.007397748231062e-03    5.305274560383490e-05   -2.154911967019247e-02    0.000000000000000e+00    1.334104139352435e-02   -1.581182352202760e-05
    1.273816228839574e-01    1.274467946902459e+02    3.304914568727323e-02    8.846087683015209e-04    4.566374486205412e-05   -2.102753119025021e-02    0.000000000000000e+00    1.294564089152958e-02    6.246118657014452e-06
    1.304358437193842e-01    1.305025781458070e+02    3.230968389612093e-02    7.574690593923342e-04    4.234465599564047e-05   -2.052393894591023e-02    0.000000000000000e+00    1.256854084437368e-02    1.701782122499017e-05
    1.335237170459227e-01    1.335920313099839e+02    3.159197171262028e-02    6.406424834231653e-04    3.708417666061495e-05   -2.003768674449141e-02    0.000000000000000e+00    1.220843372891845e-02    2.357789929420713e-05
    1.366451233616027e-01    1.367150346196663e+02    3.089618789016306e-02    5.357270250149017e-04    3.232844440301919e-05   -1.956894079811347e-02    0.000000000000000e+00    1.186566022769869e-02    2.964233376881280e-05
    1.397999418667141e-01    1.398714672133395e+02    3.022033274975221e-02    4.315578782170870e-04    3.210504955143809e-05   -1.911806478961120e-02    0.000000000000000e+00    1.153923475746306e-02    2.669613044648314e-05
    1.429880504684807e-01    1.430612069357617e+02    2.956299966560401e-02    3.268676790249864e-04    3.348921150161540e-05   -1.868446394059502e-02    0.000000000000000e+00    1.122686487947753e-02    1.202773605806298e-05
    1.462093257857862e-01    1.462841303426913e+02    2.892497472997097e-02    2.247958182292373e-04    3.299297701517235e-05   -1.826644314079387e-02    0.000000000000000e+00    1.092639414036845e-02   -1.007375594694153e-05
    1.494636431539486e-01    1.495401127056647e+02    2.830595355839049e-02    1.351693868379366e-04    2.926728733277282e-05   -1.786193036177232e-02    0.000000000000000e+00    1.063644084755782e-02   -2.798097676894040e-05
    1.527508766295448e-01    1.528290280168228e+02    2.770587818646767e-02    7.148513733631700e-05    2.454435034808535e-05   -1.746978472569349e-02    0.000000000000000e+00    1.035798259707872e-02   -2.585964862014158e-05
    1.560708989952853e-01    1.561507489937883e+02    2.712266263258970e-02    3.048328625922781e-05    2.328760482386549e-05   -1.708991577399930e-02    0.000000000000000e+00    1.009198691315878e-02   -5.469163485285339e-06
    1.594235817649364e-01    1.595051470845907e+02    2.655136127308830e-02    1.193275477363048e-06    2.465962295851051e-05   -1.672247100723733e-02    0.000000000000000e+00    9.836716371291366e-03    1.802679299547395e-05
    1.628087951882938e-01    1.628920924726419e+02    2.599202127538068e-02   -2.102442934872381e-05    2.364244203602544e-05   -1.636668323518813e-02    0.000000000000000e+00    9.590338929541472e-03    3.761712333838832e-05
    1.662264082562032e-01    1.663114540817598e+02    2.544650231053849e-02   -4.919696813849345e-05    2.124812261889893e-05   -1.602088027435207e-02    0.000000000000000e+00    9.352771192633594e-03    4.490199803323068e-05
    1.696762887056308e-01    1.697630995812416e+02    2.491471895553667e-02   -9.223156222082611e-05    1.626929318985098e-05   -1.568495511302776e-02    0.000000000000000e+00    9.123237242969911e-03    3.056433050801707e-05
    1.731583030247817e-01    1.732468953909841e+02    2.439797000085718e-02   -1.397873270491360e-04    1.188652077986939e-05   -1.535974060351047e-02    0.000000000000000e+00    8.902334364329459e-03    7.994226747977048e-06
    1.766723164582674e-01    1.767627066866542e+02    2.389602023170991e-02   -1.798334671526597e-04    7.775707619432062e-06   -1.504504034315711e-02    0.000000000000000e+00    8.689122583573350e-03   -1.020045455377497e-05
    1.802181930123201e-01    1.803103974049064e+02    2.340884240699086e-02   -2.050657148953836e-04    5.354903251109486e-06   -1.474034763660798e-02    0.000000000000000e+00    8.483330658525041e-03   -1.454669978643089e-05
    1.837957954600563e-01    1.838898302486481e+02    2.293703802651337e-02   -2.197030508284392e-04    5.853823531770329e-06   -1.444567136170385e-02    0.000000000000000e+00    8.285621452382128e-03   -8.104014869279516e-06
    1.874049853467872e-01    1.875008666923534e+02    2.248098846380609e-02   -2.303895407602085e-04    4.651366787055689e-06   -1.416107983577393e-02    0.000000000000000e+00    8.094816764061987e-03   -6.463100029763941e-07
    1.910456229953772e-01    1.911433669874244e+02    2.204160668413769e-02   -2.456589941970968e-04    4.398344458096076e-06   -1.388581424337425e-02    0.000000000000000e+00    7.911253771433601e-03    3.278019590840023e-06
    1.947175675116495e-01    1.948171901675989e+02    2.161698414114760e-02   -2.592395796829924e-04    3.863912773716971e-06   -1.361846947078262e-02    0.000000000000000e+00    7.734913294215217e-03    8.225709240492450e-06
    1.984206767898382e-01    1.985221940544060e+02    2.120288436968365e-02   -2.609615506527374e-04    2.167462873762107e-06   -1.335861234033720e-02    0.000000000000000e+00    7.564357648888608e-03    2.112029267887193e-05
    2.021548075180888e-01    2.022582352626691e+02    2.079639325726711e-02   -2.652257517568727e-04    4.419922536342385e-06   -1.310578554403299e-02    0.000000000000000e+00    7.399047707744309e-03    3.075417626927871e-05
    2.059198151840036e-01    2.060251692060541e+02    2.039729681284478e-02   -2.744388304356202e-04    6.194866837715869e-06   -1.285928774119624e-02    0.000000000000000e+00    7.238529878351938e-03    3.123522969869248e-05
    2.097155540802345e-01    2.098228501026651e+02    2.000532417496894e-02   -2.822770503413067e-04    5.937700717169528e-06   -1.261818269752124e-02    0.000000000000000e+00    7.082751667899029e-03    2.805045992452723e-05
    2.135418773101226e-01    2.136511309806872e+02    1.961707405006943e-02   -2.854756355758018e-04    4.219237035585257e-06   -1.238217672866993e-02    0.000000000000000e+00    6.931301759259025e-03    2.233916360026410e-05
    2.173986367933823e-01    2.175098636840728e+02    1.923056788789964e-02   -2.762801136856741e-04    3.300921712415961e-06   -1.215217785601803e-02    0.000000000000000e+00    6.784311030438699e-03    2.109980946965202e-05
    2.212856832718328e-01    2.213988988782768e+02    1.884921917885940e-02   -2.633287653569963e-04    4.484114981786812e-06   -1.192723032280781e-02    0.000000000000000e+00    6.641579077538625e-03    2.156512813775331e-05
    2.252028663151737e-01    2.253180860560345e+02    1.847560554975535e-02   -2.571161223696520e-04    4.437869112793292e-06   -1.170469050230412e-02    0.000000000000000e+00    6.503061121063128e-03    1.517567313123660e-05
    2.291500343268075e-01    2.292672735431877e+02    1.810968353792828e-02   -2.503850734342873e-04    1.887993909163662e-06   -1.148446074860060e-02    0.000000000000000e+00    6.368074177321693e-03    8.651532480865101e-06
    2.331270345497056e-01    2.332463085045534e+02    1.775251959506055e-02   -2.444847083107097e-04    2.707879714086004e-06   -1.126900509424904e-02    0.000000000000000e+00    6.237500456888671e-03    4.237215326219346e-06
    2.371337130723211e-01    2.372550369498392e+02    1.740524977106165e-02   -2.448006118325668e-04    5.887233076715126e-06   -1.105956167742034e-02    0.000000000000000e+00    6.111290130570067e-03   -4.515415684606602e-06
    2.411699148345444e-01    2.412933037396029e+02    1.706798262743884e-02   -2.441518269818130e-04    7.057284047562094e-06   -1.085568682520831e-02    0.000000000000000e+00    5.989334239284786e-03   -1.413297998851485e-05
    2.452354836337044e-01    2.453609525912558e+02    1.673956308347251e-02   -2.371393854069551e-04    7.521865027920699e-06   -1.065697730539551e-02    0.000000000000000e+00    5.871139403091715e-03   -1.817114539374824e-05
    2.493302621306134e-01    2.494578260851113e+02    1.641728887648293e-02   -2.250351078406748e-04    8.835920874668166e-06   -1.046406260061397e-02    0.000000000000000e+00    5.756295380148393e-03   -1.926829124544293e-05
    2.534540918556565e-01    2.535837656704775e+02    1.610040824518560e-02   -2.134185204701352e-04    7.950777641263729e-06   -1.027638531677196e-02    0.000000000000000e+00    5.644518849483041e-03   -2.596366389827440e-05
    2.576068132149244e-01    2.577386116717925e+02    1.579125861559679e-02   -2.044464862277485e-04    6.205513965757623e-06   -1.009162166954281e-02    0.000000000000000e+00    5.535171479477358e-03   -3.377550568536575e-05
    2.617882654963896e-01    2.619222032948041e+02    1.548911441020287e-02   -1.921284364874337e-04    4.042623792816790e-06   -9.909108175372619e-03    0.000000000000000e+00    5.427652224769517e-03   -3.573180263388535e-05
    2.659982868761259e-01    2.661343786327930e+02    1.519156660820100e-02   -1.666560412783313e-04    6.840308780782787e-07   -9.730525675536190e-03    0.000000000000000e+00    5.322849723305928e-03   -2.778080104137368e-05
    2.702367144245715e-01    2.703749746728381e+02    1.490073065319175e-02   -1.362808484921681e-04    2.287140501688094e-07   -9.557118986582210e-03    0.000000000000000e+00    5.221794959209925e-03   -1.423542704238022e-05
    2.745033841128339e-01    2.746438273021254e+02    1.461930447654399e-02   -1.127719530262233e-04    9.863368617309432e-07   -9.389180957340051e-03    0.000000000000000e+00    5.123372992929768e-03   -5.035089890323939e-06
    2.787981308190384e-01    2.789407713142996e+02    1.434848251171984e-02   -8.774489606131717e-05   -3.905027707834962e-08   -9.226237395019894e-03    0.000000000000000e+00    5.027260689302726e-03    7.200481058827930e-06
    2.831207883347180e-01    2.832656404158570e+02    1.408759898246842e-02   -6.657101831212717e-05    4.400643123453646e-07   -9.067426006324403e-03    0.000000000000000e+00    4.933782403433909e-03    2.025961871032940e-05
    2.874711893712457e-01    2.876182672325814e+02    1.383353969451765e-02   -6.134589759616729e-05    2.395636266791379e-06   -8.912132597162704e-03    0.000000000000000e+00    4.842696083969364e-03    1.976075205621045e-05
    2.918491655663092e-01    2.919984833160217e+02    1.358506853232266e-02   -7.132444637957291e-05    3.942439532473053e-06   -8.760293764965101e-03    0.000000000000000e+00    4.754169830078864e-03    3.222930431593524e-06
    2.962545474904260e-01    2.964061191500110e+02    1.334221360922952e-02   -8.695178601303492e-05    4.992980430321408e-06   -8.612780206550732e-03    0.000000000000000e+00    4.668073214543298e-03   -2.059861744722197e-05
    3.006871646535006e-01    3.008410041572264e+02    1.310641506152966e-02   -9.607853366302360e-05    6.661823225757861e-06   -8.469059234037762e-03    0.000000000000000e+00    4.584298078038691e-03   -3.635896098406165e-05
    3.051468455114226e-01    3.053029667057910e+02    1.287844909858158e-02   -9.565991442135663e-05    7.276390567637306e-06   -8.327805389694989e-03    0.000000000000000e+00    4.502472981046904e-03   -4.021279601403201e-05
    3.096334174727051e-01    3.097918341159157e+02    1.265485375959723e-02   -8.537018861267889e-05    6.304434160265039e-06   -8.189168824525120e-03    0.000000000000000e+00    4.421949501357632e-03   -3.533032073793803e-05
    3.141467069051650e-01    3.143074326665824e+02    1.243232168038470e-02   -6.501228266644228e-05    6.310199683346065e-06   -8.053662537676455e-03    0.000000000000000e+00    4.342700509148928e-03   -2.274344942377726e-05
    3.186865391426417e-01    3.188495876022668e+02    1.221007791346078e-02   -3.569989839873235e-05    5.516718298303867e-06   -7.920943960366845e-03    0.000000000000000e+00    4.264182826209001e-03   -5.232053215499695e-06
    3.232527384917572e-01    3.234181231397014e+02    1.199163005734812e-02   -5.729819525721600e-06    4.817659429240408e-06   -7.789813327006324e-03    0.000000000000000e+00    4.187525089548039e-03    1.337948069728145e-05
    3.278451282387153e-01    3.280128624746786e+02    1.177968888857065e-02    9.694586119627771e-06    6.409357319424495e-06   -7.659129003654641e-03    0.000000000000000e+00    4.113787029097656e-03    2.287679925741005e-05
    3.324635306561408e-01    3.326336277888933e+02    1.157214613501148e-02    1.593446531708993e-05    5.716049848523923e-06   -7.529827359258199e-03    0.000000000000000e+00    4.041627810308703e-03    2.234148061019611e-05
    3.371077670099574e-01    3.372802402568240e+02    1.136700843726282e-02    2.671659336282615e-05    3.019232898894247e-06   -7.403666450642691e-03    0.000000000000000e+00    3.970812615905790e-03    2.226519697606181e-05
    3.417776575663045e-01    3.419525200526535e+02    1.116373335872157e-02    3.804800861722749e-05    2.889124842780793e-06   -7.280858176844447e-03    0.000000000000000e+00    3.902604740131287e-03    2.120757520584571e-05
    3.464730215984939e-01    3.466502863572291e+02    1.096303108885927e-02    4.549168826770435e-05    3.975546810839411e-06   -7.160637476807937e-03    0.000000000000000e+00    3.836302401999779e-03    1.555844513009396e-05
    3.511936773940029e-01    3.513733573650591e+02    1.076521687359621e-02    4.934953821674069e-05    4.864263432337232e-06   -7.042100865289011e-03    0.000000000000000e+00    3.771247636458659e-03    6.082173497616583e-06
    3.559394422615072e-01    3.561215502913495e+02    1.057026797322471e-02    5.250306964348643e-05    5.181749960290579e-06   -6.925072809662415e-03    0.000000000000000e+00    3.707285129060368e-03   -4.405145894294769e-06
    3.607101325379513e-01    3.608946813790780e+02    1.038018636466559e-02    5.832804333528970e-05    3.219846021718838e-06   -6.809613489651349e-03    0.000000000000000e+00    3.644027204668379e-03   -1.190644029712548e-05
    3.655055635956559e-01    3.656925659061049e+02    1.019675221142985e-02    6.987436530930345e-05    4.325617322892406e-07   -6.695085832632453e-03    0.000000000000000e+00    3.581828160179661e-03   -9.854854340673406e-06
    3.703255498494633e-01    3.705150181923221e+02    1.001708211764608e-02    7.758418378827147e-05    1.080923035923650e-06   -6.581863982005647e-03    0.000000000000000e+00    3.520866277861889e-03   -6.983035397264883e-06
    3.751699047639196e-01    3.753618516068394e+02    9.838023287123821e-03    7.665523112693277e-05    3.178981220122004e-06   -6.471268571647105e-03    0.000000000000000e+00    3.460715937754847e-03   -1.412700993107729e-05
    3.800384408604939e-01    3.802328785752067e+02    9.660574474325055e-03    8.015098250847868e-05    4.155037006864355e-06   -6.363502016430784e-03    0.000000000000000e+00    3.401857713100026e-03   -2.047923569041153e-05
    3.849309697248332e-01    3.851279105866734e+02    9.486596475389899e-03    9.326418096348692e-05    2.788613050345764e-06   -6.257595055606878e-03    0.000000000000000e+00    3.344344706033383e-03   -1.929049223653055e-05
    3.898473020140548e-01    3.900467582014840e+02    9.314754682195187e-03    1.064541231786995e-04    1.903355863091531e-06   -6.152816164887994e-03    0.000000000000000e+00    3.288207104360994e-03   -1.791110801201059e-05
    3.947872474640737e-01    3.949892310582092e+02    9.143022714115713e-03    1.174835117511957e-04    1.500145189116259e-06   -6.049312517686398e-03    0.000000000000000e+00    3.232947198520189e-03   -2.025334515056310e-05
    3.997506148969654e-01    3.999551378811130e+02    8.974319137155101e-03    1.321379103474053e-04    1.741186344250355e-06   -5.947364199056030e-03    0.000000000000000e+00    3.178814975251631e-03   -1.798094046090350e-05
    4.047372122283656e-01    4.049442864875555e+02    8.810657281992790e-03    1.461807890683063e-04    3.991414349916584e-06   -5.846967721129429e-03    0.000000000000000e+00    3.125931497912917e-03   -1.206973363133317e-05
    4.097468464749029e-01    4.099564837954301e+02    8.649483525330102e-03    1.567999593487200e-04    7.259880118680246e-06   -5.748156936869045e-03    0.000000000000000e+00    3.073555136707107e-03   -8.168708778650158e-06
    4.147793237616680e-01    4.149915358306359e+02    8.490168018772394e-03    1.671215397052331e-04    8.176481846403273e-06   -5.650500417508262e-03    0.000000000000000e+00    3.021258553713722e-03   -6.292930897953963e-06
    4.198344493297166e-01    4.200492477345846e+02    8.334891083153622e-03    1.803826556788439e-04    6.408695837597289e-06   -5.553997373063864e-03    0.000000000000000e+00    2.969880735429651e-03   -2.195673823452305e-06
    4.249120275436065e-01    4.251294237717419e+02    8.184165514585938e-03    1.920726767357644e-04    4.899456070576855e-06   -5.458816415417703e-03    0.000000000000000e+00    2.920139205442898e-03    2.182026531678209e-06
    4.300118618989687e-01    4.302318673372020e+02    8.036785721197337e-03    1.994729211334481e-04    3.875135563430692e-06   -5.364938649277161e-03    0.000000000000000e+00    2.872085264739473e-03    3.109863877582154e-06
    4.351337550301125e-01    4.353563809642966e+02    7.892177762057185e-03    2.101957911874344e-04    2.807316755326007e-06   -5.272877879225469e-03    0.000000000000000e+00    2.825032971379950e-03    7.270019394526109e-06
    4.402775087176636e-01    4.405027663322372e+02    7.750642469055823e-03    2.274330269095641e-04    9.388298155447802e-07   -5.182663620077165e-03    0.000000000000000e+00    2.777941625206413e-03    1.840908049735579e-05
    4.454429238962351e-01    4.456708242737897e+02    7.612029866846583e-03    2.458022838255078e-04   -5.625862407452646e-08   -5.094563642399864e-03    0.000000000000000e+00    2.731292991712011e-03    3.191925793613951e-05
    4.506298006621312e-01    4.508603547829823e+02    7.474507876256187e-03    2.598250293554992e-04    5.737781055895935e-07   -5.008219373714252e-03    0.000000000000000e+00    2.685848122242598e-03    4.083918776042524e-05
    4.558379382810842e-01    4.560711570228464e+02    7.336374482002791e-03    2.698698152089468e-04    1.889265090356364e-06   -4.922621405976674e-03    0.000000000000000e+00    2.641291429037360e-03    4.422072728805983e-05
    4.610671351960224e-01    4.613030293331883e+02    7.197953608469715e-03    2.749456130278566e-04    3.402935249194325e-06   -4.837445057572327e-03    0.000000000000000e+00    2.597114753787751e-03    4.174234538668713e-05
    4.663171890348708e-01    4.665557692383943e+02    7.060498926628796e-03    2.724503979667943e-04    4.731931963867166e-06   -4.752397383538057e-03    0.000000000000000e+00    2.553762669909501e-03    3.152120311189933e-05
    4.715878966183829e-01    4.718291734552656e+02    6.923129487803623e-03    2.657884806896246e-04    5.860897414478072e-06   -4.666959665967021e-03    0.000000000000000e+00    2.511291052470456e-03    1.652814747024785e-05
    4.768790539680035e-01    4.771230379008866e+02    6.784926355406205e-03    2.607789483595731e-04    5.884379896350157e-06   -4.581501383917636e-03    0.000000000000000e+00    2.469634601102703e-03    4.536986417881701e-07
    4.821904563137631e-01    4.824371577005220e+02    6.646762707370199e-03    2.588681556516466e-04    6.004509672000286e-06   -4.496748858894113e-03    0.000000000000000e+00    2.428933309510736e-03   -1.404679571100379e-05
    4.875218981022029e-01    4.877713271955462e+02    6.508715566586763e-03    2.630909772926115e-04    5.112543801264323e-06   -4.413224962343048e-03    0.000000000000000e+00    2.388414278701126e-03   -2.472015336353562e-05
    4.928731730043289e-01    4.931253399514019e+02    6.372831231761029e-03    2.743378637581367e-04    3.620198360389775e-06   -4.331555836485989e-03    0.000000000000000e+00    2.347938817709828e-03   -2.870536031626117e-05
    4.982440739235977e-01    4.984989887655898e+02    6.241672922706614e-03    2.861154730706747e-04    3.672536816509681e-06   -4.252189465128023e-03    0.000000000000000e+00    2.308422718348407e-03   -2.915125088263134e-05
    5.036343930039309e-01    5.038920656756867e+02    6.114572780125744e-03    2.957012415211590e-04    4.510528361183633e-06   -4.174546853429710e-03    0.000000000000000e+00    2.270149160240374e-03   -2.991146366199734e-05
    5.090439216377594e-01    5.093043619673944e+02    5.990909129923148e-03    3.058751319561769e-04    4.978294915179555e-06   -4.098140605883148e-03    0.000000000000000e+00    2.232632474062824e-03   -2.901052315146865e-05
    5.144724504740960e-01    5.147356681826161e+02    5.870009454394811e-03    3.152099780601646e-04    4.922738767415414e-06   -4.022935089712535e-03    0.000000000000000e+00    2.195462338957690e-03   -2.825525744783435e-05
    5.199197694266384e-01    5.201857741275639e+02    5.750631774838117e-03    3.262207830730104e-04    3.268076545359548e-06   -3.948686923244051e-03    0.000000000000000e+00    2.158762950253992e-03   -2.732923904155650e-05
    5.253856676818986e-01    5.256544688808921e+02    5.632734980151421e-03    3.431935019025116e-04    1.078731478569275e-06   -3.874073063428337e-03    0.000000000000000e+00    2.122741766063706e-03   -1.980761595954004e-05
    5.308699337073626e-01    5.311415408018609e+02    5.515882933723578e-03    3.593830006028659e-04    1.128311924707817e-06   -3.797919181751462e-03    0.000000000000000e+00    2.087272511449288e-03   -8.797446949598917e-06
    5.363723552596753e-01    5.366467775385260e+02    5.399276186396556e-03    3.760412493623786e-04    1.195089565020651e-06   -3.720414906552518e-03    0.000000000000000e+00    2.051903768834012e-03    4.193849937425987e-06
    5.418927193928555e-01    5.421699660359574e+02    5.282313869214467e-03    3.933403948519730e-04    1.639355813841492e-06   -3.642638033551257e-03    0.000000000000000e+00    2.016996315806127e-03    1.765927052289765e-05
    5.474308124665372e-01    5.477108925444850e+02    5.165235340854879e-03    4.067940020989818e-04    1.913330773016443e-06   -3.565900128299909e-03    0.000000000000000e+00    1.982611606299696e-03    2.543093912727237e-05
    5.529864201542367e-01    5.532693426279700e+02    5.049336715823596e-03    4.179707412121121e-04    9.142118308412227e-07   -3.490846669854177e-03    0.000000000000000e+00    1.948377411075107e-03    2.899758793726529e-05
    5.585593274516474e-01    5.588451011721039e+02    4.934984008701712e-03    4.265055787198303e-04    3.735191041070714e-07   -3.417693186481933e-03    0.000000000000000e+00    1.914509363038007e-03    2.966055700570971e-05
    5.641493186849607e-01    5.644379523927338e+02    4.822083569599493e-03    4.321628489883812e-04    5.149297810721301e-07   -3.346260378347177e-03    0.000000000000000e+00    1.881461450136277e-03    2.703951988549248e-05
    5.697561775192130e-01    5.700476798442133e+02    4.711033684676478e-03    4.342142349707132e-04    8.157363721971948e-07   -3.276280047751478e-03    0.000000000000000e+00    1.849127530231111e-03    2.065607803679878e-05
    5.753796869666574e-01    5.756740664277788e+02    4.601792904153901e-03    4.380421355794842e-04    1.091158426685700e-06   -3.207919212451337e-03    0.000000000000000e+00    1.817645849820055e-03    1.536113588867919e-05
    5.810196293951613e-01    5.813168943999515e+02    4.494552211749464e-03    4.512378389370437e-04    5.777236245210778e-07   -3.141387255745303e-03    0.000000000000000e+00    1.787023219833880e-03    1.795729873184534e-05
    5.866757865366288e-01    5.869759453809636e+02    4.389712207539690e-03    4.686793797283988e-04    8.028840646394394e-07   -3.076479453647495e-03    0.000000000000000e+00    1.757031972637812e-03    2.568304504742096e-05
    5.923479394954485e-01    5.926510003632111e+02    4.285381853925237e-03    4.844414044094529e-04    1.674369083901251e-06   -3.012714526235733e-03    0.000000000000000e+00    1.727304845837365e-03    3.147825534549360e-05
    5.980358687569639e-01    5.983418397197278e+02    4.180316858895719e-03    5.012511246685010e-04    1.021899797383797e-06   -2.949435396148405e-03    0.000000000000000e+00    1.697577375550103e-03    3.557711166309540e-05
    6.037393541959690e-01    6.040482432126860e+02    4.076036786843432e-03    5.165995649225479e-04    1.379424520243376e-06   -2.886175457893758e-03    0.000000000000000e+00    1.668504735449746e-03    3.933558294271964e-05
    6.094581750852277e-01    6.097699900019195e+02    3.972892536821911e-03    5.225542633643885e-04    2.360932119181721e-06   -2.822719335081018e-03    0.000000000000000e+00    1.640033339267586e-03    3.505505795687648e-05
    6.151921101040150e-01    6.155068586534699e+02    3.870833365425080e-03    5.228518066328563e-04    1.793940258529770e-06   -2.759423307714015e-03    0.000000000000000e+00    1.611933781538957e-03    2.412202306349394e-05
    6.209409373466837e-01    6.212586271481572e+02    3.770448499710240e-03    5.290059480339417e-04    1.028394027835408e-06   -2.696799303341066e-03    0.000000000000000e+00    1.584461262495908e-03    1.922227593504256e-05
    6.267044343312507e-01    6.270250728901707e+02    3.671094604755935e-03    5.385398167356078e-04    2.147572577989729e-06   -2.634717423188296e-03    0.000000000000000e+00    1.557763513113821e-03    1.930105776741498e-05
    6.324823780080080e-01    6.328059727156842e+02    3.572080949853122e-03    5.462829373593710e-04    4.065811971791278e-06   -2.573007502846703e-03    0.000000000000000e+00    1.531688702064297e-03    1.773349427328401e-05
    6.382745447681553e-01    6.386011029014932e+02    3.473507572185337e-03    5.523723643248968e-04    5.064703372323057e-06   -2.512206521698528e-03    0.000000000000000e+00    1.505806817462972e-03    1.293130072105688e-05
    6.440807104524520e-01    6.444102391736714e+02    3.375767020582799e-03    5.548360102034939e-04    5.302816212037524e-06   -2.452851817046988e-03    0.000000000000000e+00    1.479993259772975e-03    3.060770178367304e-06
    6.499006503598943e-01    6.502331567162519e+02    3.278902629483146e-03    5.585031632891191e-04    5.288555813547915e-06   -2.394586858184797e-03    0.000000000000000e+00    1.454593234710937e-03   -6.485744309920639e-06
    6.557341392564099e-01    6.560696301799267e+02    3.183319848519664e-03    5.682206430528663e-04    3.985225414917238e-06   -2.336955922124019e-03    0.000000000000000e+00    1.429593364632986e-03   -1.102356976955725e-05
    6.615809513835750e-01    6.619194336907681e+02    3.089531983006795e-03    5.807797498869232e-04    2.956174679992579e-06   -2.279854646577317e-03    0.000000000000000e+00    1.405158699880933e-03   -1.174543888453968e-05
    6.674408604673514e-01    6.677823408589701e+02    2.995961805428097e-03    5.927907668399470e-04    3.310020493251351e-06   -2.223745501935041e-03    0.000000000000000e+00    1.381361707751833e-03   -1.304461692557815e-05
    6.733136397268433e-01    6.736581247876098e+02    2.901828754886121e-03    6.065799112559613e-04    3.149480561177139e-06   -2.169326959908456e-03    0.000000000000000e+00    1.358092304348004e-03   -1.586111755320051e-05
    6.791990618830738e-01    6.795465580814283e+02    2.808751317369677e-03    6.223423327322359e-04    2.575224107001909e-06   -2.116700099792200e-03    0.000000000000000e+00    1.335310286844980e-03   -1.834151242826481e-05
    6.850968991677804e-01    6.854474128556309e+02    2.717278856866591e-03    6.372833117405359e-04    2.828879520502602e-06   -2.065524787217124e-03    0.000000000000000e+00    1.313066136889407e-03   -2.119987597890179e-05
    6.910069233322305e-01    6.913604607447070e+02    2.626626017099568e-03    6.533570340822971e-04    3.248728520509783e-06   -2.015413466008300e-03    0.000000000000000e+00    1.291096878034476e-03   -2.327856434040021e-05
    6.969289056560539e-01    6.972854729112669e+02    2.536326759130610e-03    6.732007933995856e-04    3.878054920167542e-06   -1.965983147863832e-03    0.000000000000000e+00    1.269362540305362e-03   -2.194008071883138e-05
    7.028626169560948e-01    7.032222200548985e+02    2.446546841046341e-03    6.935098370099923e-04    5.058104306004860e-06   -1.916935136864175e-03    0.000000000000000e+00    1.248066456294719e-03   -1.988681079655554e-05
    7.088078275952812e-01    7.091704724210417e+02    2.357804184803791e-03    7.126700268006172e-04    5.013036495523722e-06   -1.868061131771605e-03    0.000000000000000e+00    1.226968090053437e-03   -1.954197372511040e-05
    7.147643074915118e-01    7.151299998098789e+02    2.270799187326606e-03    7.326075692326311e-04    4.435273405466516e-06   -1.819544319590537e-03    0.000000000000000e+00    1.206303658923478e-03   -1.800594854931134e-05
    7.207318261265605e-01    7.211005715852449e+02    2.186228751898531e-03    7.555501183541997e-04    4.299172904844424e-06   -1.771541838668462e-03    0.000000000000000e+00    1.186393309658032e-03   -1.185710516891838e-05
    7.267101525549977e-01    7.270819566835522e+02    2.103481811272943e-03    7.809195095795314e-04    4.865110683440228e-06   -1.723781858017992e-03    0.000000000000000e+00    1.166818723259330e-03   -1.334149741406962e-06
    7.326990554131275e-01    7.330739236227332e+02    2.021575504704528e-03    8.036229745817923e-04    5.367878042411948e-06   -1.675872934382401e-03    0.000000000000000e+00    1.147566334207854e-03    7.127088738476421e-06
    7.386983029279417e-01    7.390762405111985e+02    1.941005286774355e-03    8.205780228845505e-04    5.557867311249470e-06   -1.627856547740979e-03    0.000000000000000e+00    1.128917221691113e-03    1.036740753806282e-05
    7.447076629260898e-01    7.450886750568116e+02    1.861757204649939e-03    8.333743031519295e-04    5.964166688407679e-06   -1.580275941697257e-03    0.000000000000000e+00    1.110632988877235e-03    1.018674391578414e-05
    7.507269028428641e-01    7.511109945758784e+02    1.783251534600296e-03    8.428064719669284e-04    6.685753158268484e-06   -1.533623224190783e-03    0.000000000000000e+00    1.092701040155308e-03    6.419495379402125e-06
    7.567557897311997e-01    7.571429660021523e+02    1.706045343439318e-03    8.502761570434867e-04    7.029874252002071e-06   -1.488044487855571e-03    0.000000000000000e+00    1.075319617170821e-03   -1.273029158477268e-08
    7.627940902706903e-01    7.631843558958540e+02    1.630767431073296e-03    8.603440424548808e-04    6.624111906418426e-06   -1.443708565650903e-03    0.000000000000000e+00    1.058611948290813e-03   -4.584928507120334e-06
    7.688415707766171e-01    7.692349304527054e+02    1.557257238747071e-03    8.727349211855826e-04    6.842888927335121e-06   -1.400930789778524e-03    0.000000000000000e+00    1.042602064629382e-03   -6.697805547917386e-06
    7.748979972089929e-01    7.752944555129783e+02    1.484912840637358e-03    8.866722501873699e-04    6.907450975598381e-06   -1.360013326545908e-03    0.000000000000000e+00    1.026951590127738e-03   -8.472374873319489e-06
    7.809631351816195e-01    7.813626965705564e+02    1.413720485739140e-03    9.026005509541491e-04    6.326910072916366e-06   -1.321057596377423e-03    0.000000000000000e+00    1.011538360901503e-03   -9.948010512719893e-06
    7.870367499711586e-01    7.874394187820106e+02    1.344352432433589e-03    9.222481654509907e-04    5.903589778710812e-06   -1.283816518469719e-03    0.000000000000000e+00    9.966294061906896e-04   -7.941736997117872e-06
    7.931186065262155e-01    7.935243869756878e+02    1.276528517930019e-03    9.442664300934986e-04    6.755116526740196e-06   -1.247648974695712e-03    0.000000000000000e+00    9.822457227221624e-04   -2.344632867615779e-06
    7.992084694764355e-01    7.996173656608116e+02    1.209425227858891e-03    9.636747118742329e-04    7.870791524798563e-06   -1.211985002912911e-03    0.000000000000000e+00    9.680624938089293e-04    9.232345360820748e-07
    8.053061031416138e-01    8.057181190365968e+02    1.143326347148453e-03    9.806300857095013e-04    7.893822294199177e-06   -1.176884142850993e-03    0.000000000000000e+00    9.541031871972418e-04    8.629251039187283e-07
    8.114112715408150e-01    8.118264110013743e+02    1.078794529019319e-03    9.962111492678814e-04    8.125374296548402e-06   -1.142767484174774e-03    0.000000000000000e+00    9.407461228307080e-04   -3.825544217335095e-07
    8.175237384015068e-01    8.179420051617280e+02    1.015700787019872e-03    1.012262827208075e-03    8.533573184366977e-06   -1.109601733205223e-03    0.000000000000000e+00    9.278269647874715e-04   -9.315105803806229e-07
    8.236432671687034e-01    8.240646648416447e+02    9.538738260528292e-04    1.029765503927253e-03    9.005041772224247e-06   -1.077063443712006e-03    0.000000000000000e+00    9.152833338195964e-04    2.975942207048823e-07
    8.297696210141201e-01    8.301941530916720e+02    8.933008428393384e-04    1.049228119049592e-03    9.694974697739892e-06   -1.045022268156360e-03    0.000000000000000e+00    9.030920647702937e-04    4.109603660016150e-06
    8.359025628453391e-01    8.363302326980893e+02    8.340461819869084e-04    1.070244481604505e-03    1.007663573218074e-05   -1.013637826214518e-03    0.000000000000000e+00    8.912086708981049e-04    9.520802210971212e-06
    8.420418553149849e-01    8.424726661920878e+02    7.763781366198750e-04    1.089188527955259e-03    1.014549341843392e-05   -9.831785249175152e-04    0.000000000000000e+00    8.797919822801678e-04    1.274165079588542e-05
    8.481872608299091e-01    8.486212158589605e+02    7.204377841884563e-04    1.106801892581691e-03    9.858021416336777e-06   -9.538336769502886e-04    0.000000000000000e+00    8.687990616506068e-04    1.446495958558845e-05
    8.543385415603867e-01    8.547756437473021e+02    6.660795991031558e-04    1.124011131357321e-03    1.022067287329519e-05   -9.255733228935810e-04    0.000000000000000e+00    8.583220766496902e-04    1.641600379050057e-05
    8.604954594493189e-01    8.609357116782177e+02    6.132130290111866e-04    1.137895658363876e-03    1.139187049154942e-05   -8.982157818946015e-04    0.000000000000000e+00    8.483811333519641e-04    1.590364262004686e-05
    8.666577762214468e-01    8.671011812545403e+02    5.620625679460773e-04    1.149695045276280e-03    1.238783559260076e-05   -8.717813441941357e-04    0.000000000000000e+00    8.388633087289249e-04    1.350079589189704e-05
    8.728252533925724e-01    8.732718138700573e+02    5.129042614056133e-04    1.162286056811108e-03    1.306568783198112e-05   -8.463155967764720e-04    0.000000000000000e+00    8.295989503996743e-04    1.234145887255597e-05
    8.789976522787881e-01    8.794473707187439e+02    4.658087445006755e-04    1.175019000841212e-03    1.352851524794602e-05   -8.218607818569845e-04    0.000000000000000e+00    8.205406482729097e-04    1.195483045993899e-05
    8.851747340057141e-01    8.856276128040058e+02    4.207698258212493e-04    1.187347905904167e-03    1.410960320069868e-05   -7.985866598343456e-04    0.000000000000000e+00    8.120461541179110e-04    1.159452097385799e-05
    8.913562595177424e-01    8.918123009479281e+02    3.779282555895950e-04    1.198141775834467e-03    1.476250161361945e-05   -7.767148326356211e-04    0.000000000000000e+00    8.042663077489302e-04    9.851392653130128e-06
    8.975419895872890e-01    8.980011958005315e+02    3.374465582665247e-04    1.208088649225218e-03    1.537768929127727e-05   -7.562971441522986e-04    0.000000000000000e+00    7.970828465458081e-04    7.532906084913569e-06
    9.037316848240518e-01    9.041940578490353e+02    2.991612701706452e-04    1.220724136363502e-03    1.531902069236319e-05   -7.370451952777166e-04    0.000000000000000e+00    7.901399558525590e-04    8.019276096235127e-06
    9.099251056842746e-01    9.103906474271269e+02    2.629131260605238e-04    1.236089884851940e-03    1.456466848881521e-05   -7.188419811393479e-04    0.000000000000000e+00    7.835763828319382e-04    1.114931542999279e-05
    9.161220124800187e-01    9.165907247242362e+02    2.288065734793836e-04    1.250593272952666e-03    1.425016752198812e-05   -7.017436224422885e-04    0.000000000000000e+00    7.775299917382173e-04    1.437639977353207e-05
    9.223221653884378e-01    9.227940497948179e+02    1.969477988340233e-04    1.260801337238105e-03    1.476495288252400e-05   -6.856563082140746e-04    0.000000000000000e+00    7.719889641738192e-04    1.486881656675900e-05
    9.285253244610600e-01    9.290003825676356e+02    1.674211795490820e-04    1.266813364839210e-03    1.520107353976251e-05   -6.704970143031379e-04    0.000000000000000e+00    7.668315900657542e-04    1.210701355916206e-05
    9.347312496330733e-01    9.352094828550540e+02    1.402033131613495e-04    1.271376038340599e-03    1.554152814622287e-05   -6.562936590327235e-04    0.000000000000000e+00    7.619881344641356e-04    8.839086151312715e-06
    9.409397007326168e-01    9.414211103623340e+02    1.152647829422094e-04    1.278171568848673e-03    1.547960179093139e-05   -6.431738975166623e-04    0.000000000000000e+00    7.575014663341442e-04    8.240589731007696e-06
    9.471504374900750e-01    9.476350246969317e+02    9.266980144691102e-05    1.285419595512363e-03    1.555837957619169e-05   -6.314261926057722e-04    0.000000000000000e+00    7.535886032686247e-04    8.632980661069231e-06
    9.533632195473765e-01    9.538509853778021e+02    7.241249071009614e-05    1.290986567469994e-03    1.620289838932392e-05   -6.212829201573186e-04    0.000000000000000e+00    7.502735073639567e-04    8.045529048138667e-06
    9.595778064672961e-01    9.600687518447062e+02    5.454143347095029e-05    1.297022138580029e-03    1.633504362610453e-05   -6.127550699358195e-04    0.000000000000000e+00    7.472677732568142e-04    7.875772484450066e-06
    9.657939577427594e-01    9.662880834675195e+02    3.915173892437926e-05    1.303217452260597e-03    1.602717961099497e-05   -6.056294327478805e-04    0.000000000000000e+00    7.445657275093498e-04    8.201210538741279e-06
    9.720114328061512e-01    9.725087395555463e+02    2.627181495194789e-05    1.307032172079652e-03    1.583209384989305e-05   -5.998181045333185e-04    0.000000000000000e+00    7.423469254085155e-04    6.971050939658563e-06
    9.782299910386247e-01    9.787304793668327e+02    1.591981880660626e-05    1.306485132389295e-03    1.592484541501129e-05   -5.953052861718685e-04    0.000000000000000e+00    7.406563292036418e-04    2.368181235402000e-06
    9.844493917794144e-01    9.849530621174848e+02    8.118125888614373e-06    1.303578992148698e-03    1.620285737991184e-05   -5.919511156096950e-04    0.000000000000000e+00    7.394389141917501e-04   -3.490054384220633e-06
    9.906693943351491e-01    9.911762469909864e+02    2.897144658223853e-06    1.300718475611448e-03    1.650159180325716e-05   -5.896722897454372e-04    0.000000000000000e+00    7.386844274088775e-04   -8.239505081385407e-06
    9.968897579891672e-01    9.973997931475188e+02    2.824739527015550e-07    1.299317274960298e-03    1.642838042231559e-05   -5.884701741867753e-04    0.000000000000000e+00    7.382427137873333e-04   -1.068475863879367e-05
