% Filename : LM_Channel_2000_RSTE_k_prof.dat 
% 
% Description : Terms in Reynolds stress transport equation for turbulent kinetic energy, k = 0.5*(u'u' + v'v' + w'w')
% 
% Total number of data points  : 384
% 
% 
% 
% 
% The data in this file was extracted from a direct numerical simulation 
% of fully developed plane turbulent channel flow. The file is available at 
% http://turbulence.ices.utexas.edu, where it will be updated as necessary. 
% 
% When publishing results using this data, the following paper should be 
% cited as the source:  
% 
%    Myoungkyu Lee and Robert D. Moser,  
%    Direct numerical simulation of turbulent channel flow up to Re_tau = 5200, 
%    2015, Journal of Fluid Mechanics, vol. 774, pp. 395-415 
% 
% The paper can be found at http://journals.cambridge.org/article_S0022112015002682 
% 
% NOTE: before publication, please check 
% http://turbulence.ices.utexas.edu for any updates to the data and an 
% updated citation 
% 
% 
% Contact to Robert D. Moser(rmoser@ices.utexas.edu) or M.K. Lee(mnlee@sandia.gov) for questions.
% 
% 
% The parameters defining the simulation from which this data were extracted are: 
% 
%  Grid (streamwise)       nx = 4096 
%  Grid (wall-normal)      ny = 768 
%  Grid (spanwise)         nz = 3072 
%  Streamwise domain size  Lx = 8pi 
%  Spanwise domain size    Lz = 3pi 
%  B-Spline order           n = 7 
%  Kinematic Viscosity     nu = 2.30000e-05 
%  Channel half width   delta = 1.000 
%  Avg streamwise vel  U_mean = 1.000 
%  Friction vel         u_tau = 4.58794e-02 
%  Re_tau              Re_tau = 1994.756 
% 
% 
% All data are normalized by u_tau and nu (signified with a ^+) except 
% for y/delta 
% 
% This file was last updated on 7/21/2015.
% 
% 
% 
% Remark: (Half of sum of i=j=1, i=j=2 and i=j=3)
% 
%    y/delta              : Grid point in wall-normal direction, Normalized by channel half width 
%    y^+                  : Grid point in wall-normal direction 
%    Production           :  -<u_i' u_k'> dU_j/dU_k + -<u_j' u_k'> dU_i/dx_k 
%    Turbulent Transport  : - d<u_i'u_j'u_k'>/dx_k 
%    Viscous Transport    : nu d^2 <u_i'u_k'> / dx_k dx_k 
%    Pressure Strain      : <p(du_i'/dx_j' + du_j'/dx_i')> 
%    Pressure Transport   : - ( d<pu_i'>/dx_j + d<pu_j'>/dx_i ) 
%    Viscous Dissipation  : 2 nu <du_i'/dx_k du_j'/dx_k> 
%    Balance : Production + Turb_Trans + Visc_Trans + Press_Strain + Press_Trans - Vis_Diss 
% 
% *   Estimated standard deviations of datasets in this file are in the file: LM_Channel_2000_RSTE_k_stdev.dat 
% 
% **  Data at y/delta = 1.0 is not computed due to code performance optimization 
% 
% *** Analytic values of Pressure_Strain are zero everywhere. These are reported here only for completeness of data with other quantities. 
% 
% -----------End of header--------- 
% 
%         y/delta                    y^+                   Production          Turbulent_Transport        Viscous_Transport       Pressure_Strain         Pressure_Transport        Viscous_Dissipation           Balance        
%--------------------------------------------------------------------------------------------------------------------------------------------------------------------------------------------------------------------------------
    0.000000000000000e+00    0.000000000000000e+00    0.000000000000000e+00    1.438897459630172e-13    2.705400517713762e-01    0.000000000000000e+00    4.849144036884120e-15    2.705400508596466e-01    9.118783506067984e-10
    1.217311652923492e-06    2.428240184538776e-03    1.525932597755742e-11    3.051123210504855e-11    2.703534492579590e-01    0.000000000000000e+00    6.218818142570163e-05    2.704156544009667e-01   -1.691581147378329e-08
    6.086537518545931e-06    1.214115953933537e-02    1.909367961825459e-09    3.826002146252193e-09    2.696111048411109e-01    0.000000000000000e+00    3.096976977971241e-04    2.699208760516627e-01   -6.777738448260351e-08
    1.704221791976046e-05    3.399507290269083e-02    4.201076150192525e-08    8.404634918222412e-08    2.679641970061955e-01    0.000000000000000e+00    8.593725409417706e-04    2.688237995178313e-01   -1.039135833491578e-07
    3.651878945154508e-05    7.284608820098583e-02    4.150442723529529e-07    8.281497212880881e-07    2.651136049580186e-01    0.000000000000000e+00    1.812232940935602e-03    2.669271183295633e-01   -3.723661545773638e-08
    6.695054349292739e-05    1.335500236901577e-01    2.573404199914729e-06    5.115409105473001e-06    2.608465363278873e-01    0.000000000000000e+00    3.240232611942079e-03    2.640943541699537e-01    1.035831810325405e-07
    1.107715847206148e-04    2.209623252004996e-01    1.175702344799634e-05    2.325662551359854e-05    2.550688901640728e-01    0.000000000000000e+00    5.171142316718199e-03    2.602748986537232e-01    1.474760294439825e-07
    1.704157896263991e-04    3.399379833889890e-01    4.329319727943386e-05    8.512849708495698e-05    2.478157186566377e-01    0.000000000000000e+00    7.574499732801348e-03    2.555185838120835e-01    5.627171995037372e-08
    2.470994533848581e-04    4.929032108135004e-01    1.337566601797201e-04    2.611081327457642e-04    2.393441270113837e-01    0.000000000000000e+00    1.031210224559426e-02    2.500511195651945e-01   -2.551529104666272e-08
    3.408212691252688e-04    6.798554005853233e-01    3.561284844403803e-04    6.886857845450040e-04    2.299688387462486e-01    0.000000000000000e+00    1.317186650107973e-02    2.441855653964516e-01   -4.588013788331402e-08
    4.515796396062921e-04    9.007913665971081e-01    8.404471405580810e-04    1.603364461834329e-03    2.197674452518857e-01    0.000000000000000e+00    1.594547266086132e-02    2.381567648114076e-01   -3.529626810272468e-08
    5.793726772437280e-04    1.155707343578231e+00    1.797623504359923e-03    3.358748858857654e-03    2.084731963598768e-01    0.000000000000000e+00    1.844902231297752e-02    2.320785871533527e-01    3.882719229464371e-09
    7.241982041420458e-04    1.444598987157692e+00    3.542299371269327e-03    6.409901070503495e-03    1.954313005147544e-01    0.000000000000000e+00    2.053938098187495e-02    2.259227974285744e-01    8.450982780239258e-08
    8.860537521320211e-04    1.767461373939184e+00    6.506730191440518e-03    1.122729057896512e-02    1.796743029750759e-01    0.000000000000000e+00    2.212393608354408e-02    2.195320408295693e-01    2.189994562917796e-07
    1.064936562812813e-03    2.124289001585036e+00    1.123404946338098e-02    1.812505822571250e-02    1.601563322284006e-01    0.000000000000000e+00    2.316268932247760e-02    2.126777186929101e-01    4.105470615689555e-07
    1.260843587598481e-03    2.515075788908999e+00    1.833824533522602e-02    2.703469959107637e-02    1.361234883574394e-01    0.000000000000000e+00    2.366300775123192e-02    2.051587884402211e-01    6.525947526259124e-07
    1.473771487770281e-03    2.939815075980559e+00    2.842273181098368e-02    3.731277630907782e-02    1.075100341687462e-01    0.000000000000000e+00    2.366864135502353e-02    1.969132708673659e-01    9.127764653282799e-07
    1.703716634533836e-03    3.398499624238986e+00    4.196101606773824e-02    4.769441633949755e-02    7.519725896998228e-02    0.000000000000000e+00    2.324553296528760e-02    1.880971385840376e-01    1.085758468022391e-06
    1.950675109080202e-03    3.891121616615142e+00    5.915942120128343e-02    5.646308441745301e-02    4.100216472815630e-02    0.000000000000000e+00    2.246735886066141e-02    1.790910526230822e-01    9.765844719011874e-07
    2.214642702653591e-03    4.417672657666571e+00    7.983665653447942e-02    6.181557912973060e-02    7.369079664950644e-03    0.000000000000000e+00    2.140356464761098e-02    1.704244581516681e-01    4.218251035970066e-07
    2.495614916622313e-03    4.978143773719019e+00    1.033599833354368e-01    6.230893138684655e-02   -2.313804877409387e-02    0.000000000000000e+00    2.011190084578783e-02    1.626432503777041e-01   -4.835837267291865e-07
    2.793586962555827e-03    5.572525413020117e+00    1.286674727772974e-01    5.723409973087987e-02   -4.836802119047649e-02    0.000000000000000e+00    1.863625846280874e-02    1.561710735286713e-01   -1.263748161728362e-06
    3.108553762306454e-03    6.200807445902388e+00    1.543821131019655e-01    4.679135472730603e-02   -6.697056038454569e-02    0.000000000000000e+00    1.700924343023754e-02    1.512133568113058e-01   -1.205936342452141e-06
    3.440509948095416e-03    6.862979164954878e+00    1.789952691965109e-01    3.202402941903509e-02   -7.854606850148950e-02    0.000000000000000e+00    1.525778870738703e-02    1.477307353815417e-01    2.834399018269984e-07
    3.789449862605099e-03    7.559029285207190e+00    2.010759736663771e-01    1.455597564721078e-02   -8.355933467141818e-02    0.000000000000000e+00    1.340954004877559e-02    1.454788737004382e-01    3.280990507142922e-06
    4.155367559074530e-03    8.288945944319940e+00    2.194569831571387e-01   -3.766092962503164e-03   -8.309193101783216e-02    0.000000000000000e+00    1.149790821324804e-02    1.440897572786853e-01    7.110111366170901e-06
    4.538256801401630e-03    9.052716702788729e+00    2.333593241931452e-01   -2.121570654060262e-02   -7.853518010759641e-02    0.000000000000000e+00    9.564407734568875e-03    1.431623100631531e-01    1.053521636193433e-05
    4.938111064248796e-03    9.850328544154747e+00    2.424381323262692e-01   -3.643523873765657e-02   -7.131224336863530e-02    0.000000000000000e+00    7.657883064629010e-03    1.423361294824097e-01    1.240380219669213e-05
    5.354923533154365e-03    1.068176787522713e+01    2.467548598923013e-01   -4.855724821026790e-02   -6.268125434150801e-02    0.000000000000000e+00    5.831121236537747e-03    1.413352303115699e-01    1.224826549320324e-05
    5.788687104649082e-03    1.154702052631526e+01    2.466967999401062e-01   -5.720878782539959e-02   -5.363169009781322e-02    0.000000000000000e+00    4.135938070952244e-03    1.399818659661384e-01    1.039412170730780e-05
    6.239394386376662e-03    1.244607175146930e+01    2.428710552811557e-01   -6.243369660178466e-02   -4.485937377430174e-02    0.000000000000000e+00    2.618035284571396e-03    1.381883665042840e-01    7.653685356684425e-06
    6.707037697219698e-03    1.337890622873129e+01    2.359976125724118e-01   -6.457359271103130e-02   -3.679491349439299e-02    0.000000000000000e+00    1.312740894765075e-03    1.359368937748315e-01    4.953486921116523e-06
    7.191609067431326e-03    1.434550806039785e+01    2.268185890363726e-01   -6.414281743300601e-02   -2.965911526496873e-02    0.000000000000000e+00    2.422683407527816e-04    1.332558584591833e-01    3.066219967345907e-06
    7.693100238770012e-03    1.534586077328899e+01    2.160319314526382e-01   -6.172157686391973e-02   -2.352342312562063e-02    0.000000000000000e+00   -5.852797049137199e-04    1.301992274707148e-01    2.424287469271480e-06
    8.211502664641435e-03    1.637994731903119e+01    2.042505873157585e-01   -5.787761868266292e-02   -1.836355288610015e-02    0.000000000000000e+00   -1.175190321400432e-03    1.268312378917154e-01    2.987533879589277e-06
    8.746807510242927e-03    1.744775007434545e+01    1.919834984861150e-01   -5.311749617996421e-02   -1.410105441415319e-02    0.000000000000000e+00   -1.544049965692287e-03    1.232167744540959e-01    4.123472209405232e-06
    9.299005652715020e-03    1.854925084134968e+01    1.796326678296712e-01   -4.786330821519540e-02   -1.063065378671629e-02    0.000000000000000e+00   -1.716897994013266e-03    1.194169373538820e-01    4.870479864318988e-06
    9.868087681296545e-03    1.968443084786798e+01    1.675004762336053e-01   -4.244609172764283e-02   -7.838130846737271e-03    0.000000000000000e+00   -1.724249642746216e-03    1.154873774415211e-01    4.626574957949936e-06
    1.045404389748472e-02    2.085327074775009e+01    1.558025508119081e-01   -3.710886980344909e-02   -5.613563091824282e-03    0.000000000000000e+00   -1.599338172996461e-03    1.114770643991257e-01    3.715344512628116e-06
    1.105686431520103e-02    2.205575062120218e+01    1.446828497590332e-01   -3.201688380380895e-02   -3.860333258672844e-03    0.000000000000000e+00   -1.375682515511665e-03    1.074272110569816e-01    2.739124058195874e-06
    1.167653866096097e-02    2.329184997512550e+01    1.342286909734206e-01   -2.727307360314403e-02   -2.496656308772875e-03    0.000000000000000e+00   -1.085094222426019e-03    1.033720874722662e-01    1.779366811435756e-06
    1.231305637404945e-02    2.456154774346627e+01    1.244843765386744e-01   -2.293472935178335e-02   -1.451585228071460e-03    0.000000000000000e+00   -7.561248980838321e-04    9.934161222009370e-02    3.248406420658378e-07
    1.296640660670023e-02    2.586482228757359e+01    1.154628083353978e-01   -1.902558788566018e-02   -6.638891568563680e-04    0.000000000000000e+00   -4.128126317075933e-04    9.536237003321571e-02   -1.851372042102617e-06
    1.363657822428155e-02    2.720165139656971e+01    1.071549200686176e-01   -1.554443116957621e-02   -8.309561375127250e-05    0.000000000000000e+00   -7.425670085653160e-05    9.145703424263674e-02   -3.897658203161347e-06
    1.432355980548528e-02    2.857201228772740e+01    9.953688747807170e-02   -1.247530442671357e-02    3.342684159570256e-04    0.000000000000000e+00    2.449578689020234e-04    8.764522516458470e-02   -4.415828367507202e-06
    1.502733964252179e-02    2.997588160685862e+01    9.257535374931063e-02   -9.795009971176716e-03    6.250699337112242e-04    0.000000000000000e+00    5.344323561422424e-04    8.394344407281071e-02   -3.598004823315848e-06
    1.574790574131968e-02    3.141323542871294e+01    8.623100408877757e-02   -7.475733884839085e-03    8.189649081766109e-04    0.000000000000000e+00    7.874782965352827e-04    8.036482813488280e-02   -3.114726232433807e-06
    1.648524582172972e-02    3.288404925738435e+01    8.046096970103475e-02   -5.485902495067109e-03    9.396499941680767e-04    0.000000000000000e+00    1.000529941373389e-03    7.691934797233543e-02   -4.100830826289648e-06
    1.723934731773447e-02    3.438829802672938e+01    7.522072213926619e-02   -3.791704098202632e-03    1.005722978516149e-03    0.000000000000000e+00    1.172840304575519e-03    7.361355247329303e-02   -5.971149137778964e-06
    1.801019737766241e-02    3.592595610079432e+01    7.046589533424950e-02   -2.360050626421944e-03    1.032112362368262e-03    0.000000000000000e+00    1.305887298288196e-03    7.045126762788784e-02   -7.423259403824267e-06
    1.879778286440703e-02    3.749699727425217e+01    6.615389771779613e-02   -1.158817908192032e-03    1.028869935941500e-03    0.000000000000000e+00    1.402662371635982e-03    6.743376910656346e-02   -7.156989381904011e-06
    1.960209035565030e-02    3.910139477284839e+01    6.224456468937827e-02   -1.571545810964093e-04    1.002715134039004e-03    0.000000000000000e+00    1.467146729224342e-03    6.456022654481597e-02   -2.954573270763650e-06
    2.042310614409193e-02    4.073912125385830e+01    5.869980145746587e-02    6.701068470687035e-04    9.611352810379120e-04    0.000000000000000e+00    1.503524745899853e-03    6.182912774903838e-02    5.440582433957619e-06
    2.126081623768261e-02    4.241014880655230e+01    5.548357514114075e-02    1.343289637778551e-03    9.102074048938771e-04    0.000000000000000e+00    1.514980989227658e-03    5.923771646656763e-02    1.433670647321694e-05
    2.211520635986297e-02    4.411444895267251e+01    5.256288912115287e-02    1.882055255878336e-03    8.533500228059025e-04    0.000000000000000e+00    1.503998738315625e-03    5.678175366675222e-02    2.053947140050888e-05
    2.298626194980602e-02    4.585199264691642e+01    4.990786926486836e-02    2.305168438013537e-03    7.940304034596566e-04    0.000000000000000e+00    1.472904237783161e-03    5.445632962175406e-02    2.364272237066062e-05
    2.387396816266618e-02    4.762275027743362e+01    4.749083026583856e-02    2.629833951988514e-03    7.356654942043725e-04    0.000000000000000e+00    1.423637143583772e-03    5.225602293333197e-02    2.394392228326214e-05
    2.477830986983187e-02    4.942669166632965e+01    4.528623919444277e-02    2.873382048883393e-03    6.787991234639539e-04    0.000000000000000e+00    1.358625849371521e-03    5.017450336852026e-02    2.254284764138109e-05
    2.569927165918329e-02    5.126378607018022e+01    4.327118491566845e-02    3.051783113438160e-03    6.221176294177579e-04    0.000000000000000e+00    1.281115432113643e-03    4.820476578265696e-02    2.143530798103671e-05
    2.663683783535509e-02    5.313400218055522e+01    4.142523338747274e-02    3.176618814768503e-03    5.672675240377290e-04    0.000000000000000e+00    1.194646650820680e-03    4.634106997992062e-02    2.269639717906308e-05
    2.759099242000418e-02    5.503730812455282e+01    3.972996371069525e-02    3.252119172129114e-03    5.182048330498527e-04    0.000000000000000e+00    1.102533448550801e-03    4.457872729909648e-02    2.409386532855468e-05
    2.856171915208150e-02    5.697367146534170e+01    3.816885359262040e-02    3.283327916550494e-03    4.732874581324652e-04    0.000000000000000e+00    1.007297044820257e-03    4.291131918067048e-02    2.144683145315768e-05
    2.954900148810957e-02    5.894305920271461e+01    3.672743074576999e-02    3.280344663163827e-03    4.291576061663898e-04    0.000000000000000e+00    9.107150086703307e-04    4.133236449348685e-02    1.528353028368984e-05
    3.055282260246439e-02    6.094543777365077e+01    3.539327907764901e-02    3.250156623954606e-03    3.879558669863499e-04    0.000000000000000e+00    8.135340239945140e-04    3.983743169609556e-02    7.493896488929008e-06
    3.157316538766197e-02    6.298077305288735e+01    3.415547627710640e-02    3.199164862498509e-03    3.484507088200946e-04    0.000000000000000e+00    7.161427628547782e-04    3.842056699706666e-02   -1.332385786881329e-06
    3.261001245465012e-02    6.504903035350158e+01    3.300411889548917e-02    3.130310865468266e-03    3.133773429715318e-04    0.000000000000000e+00    6.199640350649244e-04    3.707724481613953e-02   -9.473677145641068e-06
    3.366334613310440e-02    6.715017442750107e+01    3.193012359279933e-02    3.045163832074380e-03    2.833469564232636e-04    0.000000000000000e+00    5.268246933871583e-04    3.580253582003629e-02   -1.707674535217363e-05
    3.473314847172981e-02    6.928416946642564e+01    3.092490188214753e-02    2.946936875252304e-03    2.578097104674834e-04    0.000000000000000e+00    4.375849741483591e-04    3.459165724836678e-02   -2.442380635112734e-05
    3.581940123856664e-02    7.145097910195732e+01    2.998053631763579e-02    2.839067921652104e-03    2.357472470175877e-04    0.000000000000000e+00    3.521289743987651e-04    3.344069366231790e-02   -3.321320161364660e-05
    3.692208592130042e-02    7.365056640653874e+01    2.909081801420953e-02    2.728568912157214e-03    2.136442107234987e-04    0.000000000000000e+00    2.703012856890277e-04    3.234562380010728e-02   -4.229137732800203e-05
    3.804118372757859e-02    7.588289389400479e+01    2.825149512302714e-02    2.618008950859343e-03    1.920744019585568e-04    0.000000000000000e+00    1.927496640108356e-04    3.130348015897135e-02   -4.915201911548372e-05
    3.917667558532989e-02    7.814792352021966e+01    2.745887541331525e-02    2.506642029873320e-03    1.721203920307124e-04    0.000000000000000e+00    1.210382741585040e-04    3.031143981426557e-02   -5.276370488777049e-05
    4.032854214308979e-02    8.044561668372602e+01    2.670916672960550e-02    2.392922741491851e-03    1.551453541902635e-04    0.000000000000000e+00    5.577331651399396e-05    2.936654690034112e-02   -5.353875853951126e-05
    4.149676377033007e-02    8.277593422640253e+01    2.599839181279979e-02    2.275714947047772e-03    1.411120441909036e-04    0.000000000000000e+00   -4.144046191313928e-06    2.846533976535896e-02   -5.426500751180147e-05
    4.268132055779350e-02    8.513883643413128e+01    2.532250796461523e-02    2.157860826191588e-03    1.293124222666535e-04    0.000000000000000e+00   -5.983930716911043e-05    2.760466885934866e-02   -5.482695344428967e-05
    4.388219231783319e-02    8.753428303747489e+01    2.467804732639168e-02    2.042981494097489e-03    1.188337598315015e-04    0.000000000000000e+00   -1.119196581072917e-04    2.678218785181242e-02   -5.424492959904895e-05
    4.509935858475644e-02    8.996223321236232e+01    2.406193674135816e-02    1.931088766419457e-03    1.084128484554850e-04    0.000000000000000e+00   -1.609143357959329e-04    2.599525619806657e-02   -5.473217762940602e-05
    4.633279861517381e-02    9.242264558078513e+01    2.347160374150861e-02    1.822133654882430e-03    9.776379659418359e-05    0.000000000000000e+00   -2.063009449161178e-04    2.524190141505298e-02   -5.670116698387739e-05
    4.758249138835247e-02    9.491547821150245e+01    2.290569965804602e-02    1.718847053589169e-03    8.764433785392797e-05    0.000000000000000e+00   -2.470378015520720e-04    2.452079403326437e-02   -5.564078532732317e-05
    4.884841560657416e-02    9.744068862075494e+01    2.236310032799632e-02    1.621326990763728e-03    7.898920545615168e-05    0.000000000000000e+00   -2.831311160279218e-04    2.383032757770927e-02   -5.004216952098767e-05
    5.013054969549879e-02    9.999823377299006e+01    2.184207706158160e-02    1.532466017536697e-03    7.111037615097934e-05    0.000000000000000e+00   -3.156183359148078e-04    2.316880746693446e-02   -3.877234757998158e-05
    5.142887180453171e-02    1.025880700815948e+02    2.134178207464091e-02    1.451105353615036e-03    6.403245246904816e-05    0.000000000000000e+00   -3.448926656572388e-04    2.253434692585660e-02   -2.231971078884079e-05
    5.274335980719580e-02    1.052101534096377e+02    2.086136041740178e-02    1.372667269959235e-03    5.849147964757844e-05    0.000000000000000e+00   -3.707197634897840e-04    2.192546855913022e-02   -3.669155611393110e-06
    5.407399130150936e-02    1.078644390706229e+02    2.039861549098785e-02    1.295244716547835e-03    5.391752474007873e-05    0.000000000000000e+00   -3.928180298937802e-04    2.134049384139992e-02    1.446586098205124e-05
    5.542074361036720e-02    1.105508818292503e+02    1.995157377669186e-02    1.216127336941630e-03    4.943636338549863e-05    0.000000000000000e+00   -4.109913605731113e-04    2.077798301910187e-02    2.816309734399863e-05
    5.678359378192743e-02    1.132694359021867e+02    1.951899443112153e-02    1.133312988893551e-03    4.630401211241217e-05    0.000000000000000e+00   -4.255060059306668e-04    2.023726162945621e-02    3.584379674061167e-05
    5.816251859000254e-02    1.160200549588465e+02    1.910036808869474e-02    1.047059268476528e-03    4.478550816350803e-05    0.000000000000000e+00   -4.365125610174636e-04    1.971768345618741e-02    3.801684812989800e-05
    5.955749453445514e-02    1.188026921221807e+02    1.869549403135216e-02    9.607236334177971e-04    4.241657004118077e-05    0.000000000000000e+00   -4.443397643555347e-04    1.921795920226300e-02    3.633526819260893e-05
    6.096849784159863e-02    1.216172999694764e+02    1.830360091299723e-02    8.770570702018160e-04    3.975427149612244e-05    0.000000000000000e+00   -4.495943602236960e-04    1.873675854917116e-02    3.405934530031560e-05
    6.239550446460240e-02    1.244638305331648e+02    1.792356857397051e-02    7.972352850037231e-04    3.777046562151185e-05    0.000000000000000e+00   -4.529682257735441e-04    1.827320333809141e-02    3.240276073079515e-05
    6.383849008390119e-02    1.273422353016379e+02    1.755412422976286e-02    7.253248481271851e-04    3.415208609255071e-05    0.000000000000000e+00   -4.550567011037044e-04    1.782600763328424e-02    3.253682959464960e-05
    6.529743010761013e-02    1.302524652200766e+02    1.719429177388314e-02    6.629925180621282e-04    2.944247572868716e-05    0.000000000000000e+00   -4.566824808475968e-04    1.739444632805973e-02    3.559795876662344e-05
    6.677229967194354e-02    1.331944706912857e+02    1.684410010111603e-02    6.042126566945676e-04    2.578352995788342e-05    0.000000000000000e+00   -4.579325415650698e-04    1.697837941447049e-02    3.778433173291448e-05
    6.826307364163875e-02    1.361682015765398e+02    1.650413530325334e-02    5.456499647128979e-04    2.312681111767325e-05    0.000000000000000e+00   -4.580377124846205e-04    1.657721219065371e-02    3.766217594557836e-05
    6.976972661038428e-02    1.391736071964370e+02    1.617400235253912e-02    4.875834469368396e-04    2.117496906781704e-05    0.000000000000000e+00   -4.569062024275928e-04    1.619011684898639e-02    3.573771712979748e-05
    7.129223290125331e-02    1.422106363317636e+02    1.585325695773967e-02    4.330813925857511e-04    1.936933888351276e-05    0.000000000000000e+00   -4.553667775706931e-04    1.581631288618809e-02    3.402802545014044e-05
    7.283056656714060e-02    1.452792372243661e+02    1.554169570468405e-02    3.809026785038821e-04    1.807130087729286e-05    0.000000000000000e+00   -4.531247740818820e-04    1.545517371126397e-02    3.237119871937581e-05
    7.438470139120534e-02    1.483793575780338e+02    1.523868165233890e-02    3.291913219521933e-04    1.604332051768300e-05    0.000000000000000e+00   -4.488462100701601e-04    1.510569947091766e-02    2.937061382096012e-05
    7.595461088731725e-02    1.515109445593897e+02    1.494374473685399e-02    2.786998464788162e-04    1.517194612143071e-05    0.000000000000000e+00   -4.428025528676183e-04    1.476785481553644e-02    2.695916105018362e-05
    7.754026830050886e-02    1.546739447987916e+02    1.465622004296575e-02    2.285422521233268e-04    1.509907680205820e-05    0.000000000000000e+00   -4.364655934884768e-04    1.444137338700314e-02    2.202239139951698e-05
    7.914164660743050e-02    1.578683043912403e+02    1.437578433866712e-02    1.810689009516945e-04    1.541950348000751e-05    0.000000000000000e+00   -4.299472918246116e-04    1.412607659160875e-02    1.624885966546030e-05
    8.075871851681160e-02    1.610939688972999e+02    1.410237909986243e-02    1.407689269159243e-04    1.500216027124367e-05    0.000000000000000e+00   -4.223416166208509e-04    1.382118420415824e-02    1.462436627051172e-05
    8.239145646992563e-02    1.643508833440248e+02    1.383545317222500e-02    1.076435313434376e-04    1.375224153144746e-05    0.000000000000000e+00   -4.134049229480480e-04    1.352611562221004e-02    1.732839994179891e-05
    8.403983264105919e-02    1.676389922258957e+02    1.357442150858274e-02    7.430081685540213e-05    1.297986428599124e-05    0.000000000000000e+00   -4.039004871111241e-04    1.324062560793434e-02    1.717609467866837e-05
    8.570381893798718e-02    1.709582395057674e+02    1.331958921748257e-02    3.762727725571709e-05    1.227829304781747e-05    0.000000000000000e+00   -3.951772709113643e-04    1.296403448039429e-02    1.028303648045216e-05
    8.738338700245085e-02    1.743085686158223e+02    1.307134585323646e-02    3.105823054538388e-06    1.098639022404227e-05    0.000000000000000e+00   -3.880133190590913e-04    1.269580664185965e-02    1.618105596297437e-06
    8.907850821064123e-02    1.776899224585350e+02    1.282965252627122e-02   -2.314358509197066e-05    8.975641562388599e-06    0.000000000000000e+00   -3.819269316232655e-04    1.243592555064935e-02   -2.367899530975395e-06
    9.078915367368723e-02    1.811022434076456e+02    1.259450602209405e-02   -4.251272454605041e-05    7.166065161200719e-06    0.000000000000000e+00   -3.757455491733207e-04    1.218400169315937e-02   -5.878796234901756e-07
    9.251529423814753e-02    1.845454733091410e+02    1.236537088170350e-02   -6.161272301650060e-05    7.127083827200920e-06    0.000000000000000e+00   -3.683477782433461e-04    1.193991892736442e-02    2.618536906445756e-06
    9.425690048650792e-02    1.880195534822471e+02    1.214119513164512e-02   -8.515250782222612e-05    7.488170958157709e-06    0.000000000000000e+00   -3.594134733174476e-04    1.170336769101013e-02    7.496304534684861e-07
    9.601394273768227e-02    1.915244247204280e+02    1.192127749448255e-02   -1.101741143001832e-04    6.486154136157978e-06    0.000000000000000e+00   -3.497814252773040e-04    1.147356034510523e-02   -5.752236064013316e-06
    9.778639104751841e-02    1.950600272923952e+02    1.170594592217692e-02   -1.342004950530245e-04    6.064989476461278e-06    0.000000000000000e+00   -3.400832730485157e-04    1.125060491389207e-02   -1.287777034023399e-05
    9.957421520930865e-02    1.986263009431258e+02    1.149562995772497e-02   -1.541775978285903e-04    5.947380261144901e-06    0.000000000000000e+00   -3.306243304979111e-04    1.103434830760716e-02   -1.757289794755354e-05
    1.013773847543044e-01    2.022231848948892e+02    1.129027089830473e-02   -1.670485413145574e-04    5.425747880670140e-06    0.000000000000000e+00   -3.213645289212522e-04    1.082435088172108e-02   -1.706730577149748e-05
    1.031958689522353e-01    2.058506178482829e+02    1.109022881118443e-02   -1.785928224407863e-04    5.676000516705773e-06    0.000000000000000e+00   -3.119451018899007e-04    1.062059510875095e-02   -1.522822138050328e-05
    1.050296368118336e-01    2.095085379832774e+02    1.089548280984257e-02   -1.933475925696370e-04    6.267938670209727e-06    0.000000000000000e+00   -3.029433355888117e-04    1.042269258897050e-02   -1.723276861617835e-05
    1.068786570813612e-01    2.131968829602689e+02    1.070539182594842e-02   -2.117809413652508e-04    7.120562090583123e-06    0.000000000000000e+00   -2.953342300530199e-04    1.023031688196314e-02   -2.491966534240268e-05
    1.087428982491435e-01    2.169155899211436e+02    1.052019477029102e-02   -2.302170812104625e-04    6.845904734491685e-06    0.000000000000000e+00   -2.887769233455713e-04    1.004309116006465e-02   -3.504448959517487e-05
    1.106223285441054e-01    2.206645954903466e+02    1.034070743770596e-02   -2.433535267873611e-04    5.777270902054955e-06    0.000000000000000e+00   -2.817880550606575e-04    9.861121997341415e-03   -3.977887058142539e-05
    1.125169159363132e-01    2.244438357759637e+02    1.016750961805294e-02   -2.494343101530828e-04    4.596493816272404e-06    0.000000000000000e+00   -2.737913163198633e-04    9.684044547426772e-03   -3.516406203050298e-05
    1.144266281375207e-01    2.282532463708095e+02    9.999760756320876e-03   -2.504025954030807e-04    4.815134409900325e-06    0.000000000000000e+00   -2.657237942096082e-04    9.512088495498089e-03   -2.363899438000312e-05
    1.163514326017191e-01    2.320927623535256e+02    9.835844687428985e-03   -2.508202014868212e-04    5.331958776308731e-06    0.000000000000000e+00   -2.585380206970431e-04    9.344905450569548e-03   -1.308702654811977e-05
    1.182912965256916e-01    2.359623182896858e+02    9.674432862254761e-03   -2.526316892649232e-04    5.068401197494554e-06    0.000000000000000e+00   -2.519067423268678e-04    9.182020681334932e-03   -7.057849474471217e-06
    1.202461868495729e-01    2.398618482329130e+02    9.514661539890978e-03   -2.542813112087156e-04    3.332778340163249e-06    0.000000000000000e+00   -2.445790679118097e-04    9.022927417958220e-03   -3.793478847609333e-06
    1.222160702574122e-01    2.437912857260019e+02    9.356958524829203e-03   -2.569665534692802e-04    3.486570804236112e-06    0.000000000000000e+00   -2.359039236328182e-04    8.868101680005253e-03   -5.270614739181362e-07
    1.242009131777411e-01    2.477505638020516e+02    9.201837882445687e-03   -2.626845399407623e-04    4.325110299975624e-06    0.000000000000000e+00   -2.263038428204076e-04    8.717190999258618e-03   -1.638927412186963e-08
    1.262006817841457e-01    2.517396149856075e+02    9.049558235754195e-03   -2.697501685237243e-04    4.161106589445743e-06    0.000000000000000e+00   -2.165757829449777e-04    8.569810026809951e-03   -2.416635935009390e-06
    1.282153419958432e-01    2.557583712938104e+02    8.900138142346935e-03   -2.745253697868787e-04    3.983519602502678e-06    0.000000000000000e+00   -2.071791001580871e-04    8.426095258579323e-03   -3.678066574846345e-06
    1.302448594782628e-01    2.598067642375565e+02    8.753452641740520e-03   -2.738531785970344e-04    3.759822858828708e-06    0.000000000000000e+00   -1.984511628609826e-04    8.286030610776580e-03   -1.122487635249123e-06
    1.322891996436305e-01    2.638847248226627e+02    8.610191310963126e-03   -2.702622980402914e-04    3.689200453874977e-06    0.000000000000000e+00   -1.905764835038998e-04    8.149434664141843e-03    3.607065730970235e-06
    1.343483276515588e-01    2.679921835510439e+02    8.470585947694738e-03   -2.659845612477364e-04    2.715696082138174e-06    0.000000000000000e+00   -1.835414441759590e-04    8.016013077693630e-03    7.762560659548001e-06
    1.364222084096405e-01    2.721290704218970e+02    8.334638327816580e-03   -2.614880010270856e-04    1.879871035068691e-06    0.000000000000000e+00   -1.769975262450386e-04    7.886052114392059e-03    1.198055718746108e-05
    1.385108065740466e-01    2.762953149328937e+02    8.202714254767530e-03   -2.604408692705337e-04    2.389347699368397e-06    0.000000000000000e+00   -1.709559499934332e-04    7.759702010514232e-03    1.400477268869750e-05
    1.406140865501285e-01    2.804908460813817e+02    8.074008645487142e-03   -2.611082799915431e-04    2.961489669916852e-06    0.000000000000000e+00   -1.654591770785029e-04    7.636502297838224e-03    1.390038024878804e-05
    1.427320124930254e-01    2.847155923655960e+02    7.947384575396749e-03   -2.628129695696727e-04    3.341213386477572e-06    0.000000000000000e+00   -1.594566539510820e-04    7.516319432833938e-03    1.213673242853302e-05
    1.448645483082741e-01    2.889694817858763e+02    7.822945130918604e-03   -2.668197266611590e-04    3.269771079415213e-06    0.000000000000000e+00   -1.527091479500500e-04    7.398951866780814e-03    7.734160605997811e-06
    1.470116576524249e-01    2.932524418458941e+02    7.701178539412374e-03   -2.697604073379612e-04    3.096880325830585e-06    0.000000000000000e+00   -1.460265900106483e-04    7.284166498201274e-03    4.321924188320329e-06
    1.491733039336606e-01    2.975643995538890e+02    7.582255140854962e-03   -2.674897549460436e-04    2.279779914594490e-06    0.000000000000000e+00   -1.406187276426595e-04    7.171731763273884e-03    4.694674906967518e-06
    1.513494503124202e-01    3.019052814239114e+02    7.466169858039592e-03   -2.601851643589650e-04    1.865359129031050e-06    0.000000000000000e+00   -1.376031577006839e-04    7.061968260621513e-03    8.278634487461287e-06
    1.535400597020270e-01    3.062750134770765e+02    7.352082159934018e-03   -2.515921060120756e-04    2.698015772654424e-06    0.000000000000000e+00   -1.364485229172378e-04    6.954979528141998e-03    1.176001863535930e-05
    1.557450947693203e-01    3.106735212428239e+02    7.239224710899795e-03   -2.425929317207223e-04    3.310497435271365e-06    0.000000000000000e+00   -1.361451863649875e-04    6.850407828176155e-03    1.338926207319988e-05
    1.579645179352918e-01    3.151007297601869e+02    7.127675436141231e-03   -2.327207566768524e-04    3.097288214909928e-06    0.000000000000000e+00   -1.368569838334768e-04    6.747895508263732e-03    1.329947558208113e-05
    1.601982913757256e-01    3.195565635790700e+02    7.017789470033768e-03   -2.227691924751554e-04    2.401136410205710e-06    0.000000000000000e+00   -1.384711116529260e-04    6.647410547409537e-03    1.153975490635322e-05
    1.624463770218439e-01    3.240409467615355e+02    6.910160027751597e-03   -2.126483866289326e-04    1.760437891452982e-06    0.000000000000000e+00   -1.396035824537850e-04    6.549102638612109e-03    1.056585794822519e-05
    1.647087365609547e-01    3.285538028830966e+02    6.805125000787051e-03   -2.000146375850810e-04    1.371020519934190e-06    0.000000000000000e+00   -1.390129190755827e-04    6.452947895742512e-03    1.452056890380912e-05
    1.669853314371051e-01    3.330950550340204e+02    6.702050159441458e-03   -1.892892503373378e-04    2.206098858811272e-06    0.000000000000000e+00   -1.373599933743194e-04    6.359055467985175e-03    1.855154660343646e-05
    1.692761228517385e-01    3.376646258206388e+02    6.600207408948798e-03   -1.857310530366027e-04    3.480467299868609e-06    0.000000000000000e+00   -1.357805059270338e-04    6.267316791559129e-03    1.485952572590019e-05
    1.715810717643558e-01    3.422624373666668e+02    6.500350951335465e-03   -1.868592277993337e-04    3.851817101300603e-06    0.000000000000000e+00   -1.341657948079406e-04    6.177476562833639e-03    5.701182995850561e-06
    1.739001388931806e-01    3.468884113145308e+02    6.403732751588989e-03   -1.862654200543586e-04    2.987044336221701e-06    0.000000000000000e+00   -1.319724206726922e-04    6.089358411292304e-03   -8.764560941454391e-07
    1.762332847158286e-01    3.515424688267024e+02    6.310177177230132e-03   -1.792979245953966e-04    1.609781422126124e-06    0.000000000000000e+00   -1.290583285042040e-04    6.002879515113200e-03    5.511904394538136e-07
    1.785804694699815e-01    3.562245305870438e+02    6.218973312519518e-03   -1.702849061048167e-04    7.292846754509419e-07    0.000000000000000e+00   -1.257806500906741e-04    5.918144411942161e-03    5.492629057317691e-06
    1.809416531540645e-01    3.609345168021580e+02    6.129199232352985e-03   -1.649945141852926e-04    9.984781725974700e-07    0.000000000000000e+00   -1.220715884522184e-04    5.835271832841946e-03    7.859775046123452e-06
    1.833167955279277e-01    3.656723472027497e+02    6.040506063880369e-03   -1.601324797832237e-04    9.050107510104594e-07    0.000000000000000e+00   -1.179710551416178e-04    5.753970459433050e-03    9.337080273487397e-06
    1.857058561135323e-01    3.704379410449927e+02    5.953760366493040e-03   -1.545432041225844e-04    1.161896425617702e-06    0.000000000000000e+00   -1.144118307071341e-04    5.674615661774327e-03    1.135156631461211e-05
    1.881087941956401e-01    3.752312171119059e+02    5.868658323715767e-03   -1.501826477844400e-04    1.504316546199642e-06    0.000000000000000e+00   -1.117244688029237e-04    5.596765616140384e-03    1.148990753421786e-05
    1.905255688225079e-01    3.800520937147384e+02    5.784899025094708e-03   -1.461414591215902e-04    1.485611366710528e-06    0.000000000000000e+00   -1.093534015570079e-04    5.520194245881929e-03    1.069552990089033e-05
    1.929561388065848e-01    3.849004886943600e+02    5.702586149342521e-03   -1.431553699030084e-04    1.669715780068210e-06    0.000000000000000e+00   -1.073194776606321e-04    5.445060195997429e-03    8.720821561521326e-06
    1.954004627252144e-01    3.897763194226630e+02    5.621602916127694e-03   -1.420012071114079e-04    2.313792333943483e-06    0.000000000000000e+00   -1.064452071303522e-04    5.371315475455231e-03    4.154818764645629e-06
    1.978584989213410e-01    3.946795028039697e+02    5.542588833765713e-03   -1.415887823022466e-04    2.322379249281236e-06    0.000000000000000e+00   -1.073589071057497e-04    5.298879983270785e-03   -2.916459663788312e-06
    2.003302055042190e-01    3.996099552764481e+02    5.465632608050984e-03   -1.397219511872102e-04    1.682066649493502e-06    0.000000000000000e+00   -1.090377053497493e-04    5.227593457807517e-03   -9.038439643996830e-06
    2.028155403501273e-01    4.045675928135368e+02    5.390419527999398e-03   -1.347569270285332e-04    1.351565978237395e-06    0.000000000000000e+00   -1.106194278489440e-04    5.157636433228584e-03   -1.124169412842612e-05
    2.053144611030869e-01    4.095523309253767e+02    5.317005977700746e-03   -1.264466876190773e-04    8.075986898269345e-07    0.000000000000000e+00   -1.117373841093245e-04    5.088946086426196e-03   -9.316581764024640e-06
    2.078269251755830e-01    4.145640846602506e+02    5.245420041014410e-03   -1.156404818256245e-04    7.489442655240454e-07    0.000000000000000e+00   -1.119255955721669e-04    5.021727398535123e-03   -3.124490652981100e-06
    2.103528897492902e-01    4.196027686060312e+02    5.175086407667069e-03   -1.022930899812096e-04    9.505870978193437e-07    0.000000000000000e+00   -1.116250255888509e-04    4.955667146070608e-03    6.451733124219518e-06
    2.128923117758034e-01    4.246682968916375e+02    5.104955174806189e-03   -8.759218780296670e-05    1.781991672921513e-06    0.000000000000000e+00   -1.117955827213596e-04    4.890938014956653e-03    1.641138099813064e-05
    2.154451479773698e-01    4.297605831884964e+02    5.034635063023960e-03   -7.424425666985063e-05    2.365023168994703e-06    0.000000000000000e+00   -1.125830828411356e-04    4.827492596683607e-03    2.268014999836244e-05
    2.180113548476281e-01    4.348795407120160e+02    4.964488529949064e-03   -6.571552763278167e-05    3.043080839456700e-06    0.000000000000000e+00   -1.133279116634104e-04    4.765242051295911e-03    2.324612019641552e-05
    2.205908886523488e-01    4.400250822230628e+02    4.895207329995927e-03   -6.267525328745383e-05    3.173783017862610e-06    0.000000000000000e+00   -1.135415230136980e-04    4.703943681955068e-03    1.822065475756956e-05
    2.231837054301802e-01    4.451971200294505e+02    4.828053464947401e-03   -6.258272881639973e-05    1.959579514105607e-06    0.000000000000000e+00   -1.127485188797239e-04    4.643669659496122e-03    1.101213726926054e-05
    2.257897609933970e-01    4.503955659874320e+02    4.763657431085847e-03   -6.259236265963526e-05    6.016211333775853e-07    0.000000000000000e+00   -1.105925587420566e-04    4.584516165143388e-03    6.557965674147334e-06
    2.284090109286542e-01    4.556203315032040e+02    4.700947539093394e-03   -6.143202892256504e-05   -2.844800118620388e-07    0.000000000000000e+00   -1.072387903661556e-04    4.526397409240562e-03    5.594830552249630e-06
    2.310414105977430e-01    4.608713275344149e+02    4.639059184217986e-03   -6.085536041412698e-05    3.545515413586267e-07    0.000000000000000e+00   -1.039147862382705e-04    4.469372900237573e-03    5.270688869376400e-06
    2.336869151383524e-01    4.661484645916836e+02    4.577912828797832e-03   -6.041122521047724e-05    1.649982709854459e-06    0.000000000000000e+00   -1.013148446414058e-04    4.413288262714112e-03    4.548478941693648e-06
    2.363454794648333e-01    4.714516527401240e+02    4.517808383432593e-03   -5.941211709448722e-05    2.060507621457829e-06    0.000000000000000e+00   -9.980114303052104e-05    4.357944357780429e-03    2.711273148615564e-06
    2.390170582689671e-01    4.767808016008780e+02    4.458257007215562e-03   -5.832867234912274e-05    1.967774458135990e-06    0.000000000000000e+00   -9.867169875464147e-05    4.303487894509574e-03   -2.634839396404437e-07
    2.417016060207376e-01    4.821358203526553e+02    4.399045501223863e-03   -5.865179499508940e-05    2.201699474736572e-06    0.000000000000000e+00   -9.659353221588932e-05    4.250100236522013e-03   -4.098363034393468e-06
    2.443990769691072e-01    4.875166177332819e+02    4.340510596928492e-03   -5.879402295763366e-05    1.959171114001550e-06    0.000000000000000e+00   -9.309518922333145e-05    4.197269192624319e-03   -6.688636762788684e-06
    2.471094251427964e-01    4.929231020412548e+02    4.282572394573739e-03   -5.900562102860982e-05    1.606107282234738e-06    0.000000000000000e+00   -8.835893628388407e-05    4.145130513892042e-03   -8.316569348560017e-06
    2.498326043510675e-01    4.983551811373052e+02    4.225910507379683e-03   -6.112972130509376e-05    1.688803977012641e-06    0.000000000000000e+00   -8.332872799422808e-05    4.094073344066191e-03   -1.093248200881476e-05
    2.525685681845112e-01    5.038127624459682e+02    4.170315645623802e-03   -6.100469463005035e-05    1.902121274723770e-06    0.000000000000000e+00   -7.898904111195250e-05    4.043911462840116e-03   -1.168743168359146e-05
    2.553172700158386e-01    5.092957529571614e+02    4.115264045034551e-03   -5.900180083444804e-05    1.962060925041346e-06    0.000000000000000e+00   -7.543804206812392e-05    3.994312962958761e-03   -1.152669990174202e-05
    2.580786630006749e-01    5.148040592277697e+02    4.060905332235206e-03   -5.543967652865792e-05    1.259650717211338e-06    0.000000000000000e+00   -7.267657989429616e-05    3.945228993879455e-03   -1.118026734999410e-05
    2.608527000783580e-01    5.203375873832371e+02    4.007042312694631e-03   -4.761290954738093e-05    1.791792859531080e-07    0.000000000000000e+00   -7.119728097129250e-05    3.897051284184166e-03   -8.639982722255524e-06
    2.636393339727408e-01    5.258962431191673e+02    3.953970690457369e-03   -3.642237399786849e-05   -3.589231696893919e-07    0.000000000000000e+00   -7.138194375258262e-05    3.849897121299440e-03   -4.089671762211484e-06
    2.664385171929963e-01    5.314799317029308e+02    3.902227728398803e-03   -2.725460328779236e-05    4.010279410658918e-07    0.000000000000000e+00   -7.280875458113187e-05    3.803544372819477e-03   -9.789743485337163e-07
    2.692502020344277e-01    5.370885579752791e+02    3.851572803928210e-03   -2.203364685461146e-05    1.314785730420319e-06    0.000000000000000e+00   -7.420874553364444e-05    3.757822121843206e-03   -1.176924572830924e-06
    2.720743405792809e-01    5.427220263519663e+02    3.802108765878852e-03   -1.930448924814774e-05    1.548899038116410e-06    0.000000000000000e+00   -7.419084423846301e-05    3.712706009754248e-03   -2.543678323891664e-06
    2.749108846975613e-01    5.483802408253789e+02    3.753937243608283e-03   -1.692578799918588e-05    1.293834239704176e-06    0.000000000000000e+00   -7.257823177640709e-05    3.668166324266571e-03   -2.439266194174689e-06
    2.777597860478538e-01    5.540631049661707e+02    3.706746243602556e-03   -1.374611716982142e-05    1.418869681209731e-06    0.000000000000000e+00   -7.097451241649373e-05    3.624398217413013e-03   -9.537337155619829e-07
    2.806209960781473e-01    5.597705219249081e+02    3.660136046111450e-03   -1.035369063571080e-05    1.763029352589325e-06    0.000000000000000e+00   -7.068466307470291e-05    3.581258426513698e-03   -3.977047600715530e-07
    2.834944660266612e-01    5.655023944337179e+02    3.613787285889776e-03   -6.360330661600494e-06    2.217939251252259e-06    0.000000000000000e+00   -7.200427841184741e-05    3.538957317864717e-03   -1.316701797135934e-06
    2.863801469226772e-01    5.712586248079476e+02    3.568024378103185e-03   -2.595171256227290e-06    1.834545448261090e-06    0.000000000000000e+00   -7.394459913038981e-05    3.497392480935829e-03   -4.073327771000716e-06
    2.892779895873737e-01    5.770391149478290e+02    3.522933035988231e-03    2.190286404668757e-08    7.434844156283538e-07    0.000000000000000e+00   -7.554091148163847e-05    3.456450305112461e-03   -8.292793326194689e-06
    2.921879446346636e-01    5.828437663401498e+02    3.478497704310842e-03    2.939047764638092e-06    4.384276984034307e-07    0.000000000000000e+00   -7.669861603738551e-05    3.416125540919092e-03   -1.094897718259330e-05
    2.951099624720362e-01    5.886724800599333e+02    3.435087830423901e-03    7.146684932355074e-06    7.103446366749028e-07    0.000000000000000e+00   -7.719241879799841e-05    3.376324811654490e-03   -1.057237045955662e-05
    2.980439933014026e-01    5.945251567721234e+02    3.392919116537428e-03    1.327960867269540e-05    5.275873799312135e-07    0.000000000000000e+00   -7.743797808790326e-05    3.336946300820425e-03   -7.657966318273552e-06
    3.009899871199438e-01    6.004016967332785e+02    3.351459381266259e-03    2.061370386219162e-05    4.662593646279287e-07    0.000000000000000e+00   -7.815919499281157e-05    3.298215333100129e-03   -3.835183599860785e-06
    3.039478937209633e-01    6.063019997932702e+02    3.309925141792295e-03    2.821316194699700e-05    8.934370807857461e-07    0.000000000000000e+00   -7.929946243813614e-05    3.260136650261404e-03   -4.043718794628434e-07
    3.069176626947427e-01    6.122259653969913e+02    3.268305104894743e-03    3.597774658139492e-05    1.312039534132892e-06    0.000000000000000e+00   -8.078176513584635e-05    3.222438971028711e-03    2.374154845712940e-06
    3.098992434294008e-01    6.181734925860687e+02    3.227685081847797e-03    4.192572980187226e-05    1.422371137699125e-06    0.000000000000000e+00   -8.271373223137855e-05    3.185304159302255e-03    3.015291253735414e-06
    3.128925851117559e-01    6.241444800005845e+02    3.188636779052910e-03    4.510488300999785e-05    1.255832639182865e-06    0.000000000000000e+00   -8.477021380894294e-05    3.148655975081709e-03    1.571305811439230e-06
    3.158976367281920e-01    6.301388258808028e+02    3.149927548977328e-03    4.726231556796902e-05    1.291629896110898e-06    0.000000000000000e+00   -8.627744542005781e-05    3.112384561136490e-03   -1.805121151395896e-07
    3.189143470655283e-01    6.361564280689039e+02    3.110893776840721e-03    5.144522366778653e-05    5.617659998596959e-07    0.000000000000000e+00   -8.690551155262504e-05    3.076207258098348e-03   -2.120031426062693e-07
    3.219426647118918e-01    6.421971840107267e+02    3.072350709693909e-03    5.576475879361875e-05    3.795078769525654e-08    0.000000000000000e+00   -8.683671584281060e-05    3.040470004338982e-03    8.466990934299402e-07
    3.249825380575933e-01    6.482609907575143e+02    3.034788954543657e-03    5.967229302478375e-05    8.063418572559059e-09    0.000000000000000e+00   -8.681768738693021e-05    3.005395206866108e-03    2.256416733975846e-06
    3.280339152960073e-01    6.543477449676702e+02    2.997538864198859e-03    6.424457337672546e-05    2.949683623165892e-07    0.000000000000000e+00   -8.708336344678220e-05    2.970926306185481e-03    4.068736305636988e-06
    3.310967444244550e-01    6.604573429085190e+02    2.960242545519362e-03    6.906950084284037e-05   -2.048407419384083e-08    0.000000000000000e+00   -8.677331787890341e-05    2.936804334295016e-03    5.713910114089633e-06
    3.341709732450902e-01    6.665896804580739e+02    2.923430119438008e-03    7.261858155268904e-05    1.633411764699186e-07    0.000000000000000e+00   -8.548774442320691e-05    2.903310027636429e-03    7.414270107530818e-06
    3.372565493657887e-01    6.727446531068115e+02    2.887336166266282e-03    7.469465372494307e-05    9.150906242479903e-07    0.000000000000000e+00   -8.350869238049654e-05    2.870219923700872e-03    9.217294534105171e-06
    3.403534202010420e-01    6.789221559594525e+02    2.851778107733333e-03    7.792296940905634e-05    1.513727982174209e-06    0.000000000000000e+00   -8.157286932552015e-05    2.837668768916534e-03    1.197316688250974e-05
    3.434615329728526e-01    6.851220837367505e+02    2.815849377598629e-03    8.250063872771805e-05    1.746873622675591e-06    0.000000000000000e+00   -8.065760108039327e-05    2.805567480404136e-03    1.387180846449407e-05
    3.465808347116340e-01    6.913443307772844e+02    2.779461764137276e-03    9.001485280282915e-05    1.192709817527505e-06    0.000000000000000e+00   -8.102057966800947e-05    2.773751519520141e-03    1.589722756948318e-05
    3.497112722571132e-01    6.975887910392606e+02    2.744091788305368e-03    1.008074874127276e-04    5.203645600015493e-07    0.000000000000000e+00   -8.226799085989998e-05    2.742323941892499e-03    2.082770752569749e-05
    3.528527922592367e-01    7.038553581023200e+02    2.709697013604702e-03    1.091039614759817e-04    1.132889980933101e-06    0.000000000000000e+00   -8.386069507435007e-05    2.711397107983279e-03    2.467606200398783e-05
    3.560053411790800e-01    7.101439251693511e+02    2.675407048745793e-03    1.121536772498970e-04    1.533503411579382e-06    0.000000000000000e+00   -8.539474515863753e-05    2.680790060531968e-03    2.290942371666353e-05
    3.591688652897594e-01    7.164543850683100e+02    2.641408048741350e-03    1.130972679057408e-04    1.277751258633976e-06    0.000000000000000e+00   -8.646308815092570e-05    2.650452305431567e-03    1.886767432323104e-05
    3.623433106773484e-01    7.227866302540477e+02    2.608103665898870e-03    1.137920202638150e-04    1.084990385013894e-06    0.000000000000000e+00   -8.704363023661782e-05    2.620515658832603e-03    1.542138747847796e-05
    3.655286232417957e-01    7.291405528101423e+02    2.575260933221382e-03    1.148213322288861e-04    9.420587979495228e-07    0.000000000000000e+00   -8.739258763858686e-05    2.590910044235173e-03    1.272169237445794e-05
    3.687247486978480e-01    7.355160444507379e+02    2.542327049230314e-03    1.168039518015792e-04    1.198651204722017e-06    0.000000000000000e+00   -8.703730746046303e-05    2.561691850821929e-03    1.160049395422264e-05
    3.719316325759746e-01    7.419129965223913e+02    2.509643626956500e-03    1.192193037468946e-04    1.149703807236381e-06    0.000000000000000e+00   -8.531317976699637e-05    2.532855664416448e-03    1.184379032718574e-05
    3.751492202232959e-01    7.483313000059217e+02    2.477628163038501e-03    1.208537032889010e-04    9.938808592333405e-07    0.000000000000000e+00   -8.327011080022648e-05    2.504394868018700e-03    1.181076836770682e-05
    3.783774568045147e-01    7.547708455182708e+02    2.446382388130446e-03    1.204929316861443e-04    1.038824362640830e-06    0.000000000000000e+00   -8.202562219045046e-05    2.476335167723578e-03    9.553354265204664e-06
    3.816162873028511e-01    7.612315233143655e+02    2.416186810877908e-03    1.175106019615038e-04    1.160046928816790e-06    0.000000000000000e+00   -8.168737825324453e-05    2.448692851426559e-03    4.477230088424568e-06
    3.848656565209795e-01    7.677132232889886e+02    2.386716482678756e-03    1.144902350515161e-04    1.141668086537868e-06    0.000000000000000e+00   -8.145682351280328e-05    2.421397819385608e-03   -5.062570815994420e-07
    3.881255090819695e-01    7.742158349786552e+02    2.357581543542024e-03    1.146308265843402e-04    8.115381148531228e-07    0.000000000000000e+00   -8.029721366632287e-05    2.394371636328261e-03   -1.644941753368295e-06
    3.913957894302302e-01    7.807392475634957e+02    2.329129502588896e-03    1.145703843710043e-04    1.154175907258314e-06    0.000000000000000e+00   -7.895573668247985e-05    2.367774487325842e-03   -1.876161141162527e-06
    3.946764418324564e-01    7.872833498691441e+02    2.300910594880291e-03    1.121445178523195e-04    1.713191205591726e-06    0.000000000000000e+00   -7.862873004381047e-05    2.341538789216336e-03   -5.399215321943551e-06
    3.979674103785783e-01    7.938480303686321e+02    2.272362274270150e-03    1.102125313735750e-04    1.685850608709626e-06    0.000000000000000e+00   -7.955836198973175e-05    2.315540194327161e-03   -1.083790006445838e-05
    4.012686389827149e-01    8.004331771842908e+02    2.243963587026427e-03    1.105192761888560e-04    1.163181848981395e-06    0.000000000000000e+00   -8.085707008454443e-05    2.289802547231396e-03   -1.501357225167522e-05
    4.045800713841297e-01    8.070386780896571e+02    2.216065390232537e-03    1.123906812053804e-04    1.028419795679681e-06    0.000000000000000e+00   -8.122512523532238e-05    2.264476916304893e-03   -1.621755030661778e-05
    4.079016511481890e-01    8.136644205113856e+02    2.188565056406774e-03    1.128238722652935e-04    1.045463612528507e-06    0.000000000000000e+00   -8.029172474709373e-05    2.239352233765510e-03   -1.720956622800873e-05
    4.112333216673243e-01    8.203102915311679e+02    2.161825337310444e-03    1.132463348168148e-04    7.010766529365332e-07    0.000000000000000e+00   -7.916494136719438e-05    2.214409624525804e-03   -1.780181711280408e-05
    4.145750261619968e-01    8.269761778876568e+02    2.136216331624875e-03    1.155463605123902e-04    7.372095732722333e-07    0.000000000000000e+00   -7.874171620253013e-05    2.189995707762587e-03   -1.623752225458040e-05
    4.179267076816650e-01    8.336619659783962e+02    2.111503139561045e-03    1.179816263533232e-04    8.351317903052249e-07    0.000000000000000e+00   -7.907209327749478e-05    2.166020659930800e-03   -1.477285550362294e-05
    4.212883091057552e-01    8.403675418617578e+02    2.087450524373099e-03    1.174643186885660e-04    9.752035746835671e-07    0.000000000000000e+00   -7.949827374426596e-05    2.142270790210819e-03   -1.587901731873618e-05
    4.246597731446353e-01    8.470927912588820e+02    2.064026947574385e-03    1.149327726165537e-04    7.056180891193122e-07    0.000000000000000e+00   -7.899486203637956e-05    2.118589495256933e-03   -1.791901901325617e-05
    4.280410423405908e-01    8.538375995556266e+02    2.040905982379467e-03    1.125625706191908e-04    6.050753550077044e-07    0.000000000000000e+00   -7.739426707888212e-05    2.095188132433760e-03   -1.850877115897650e-05
    4.314320590688043e-01    8.606018518045196e+02    2.017083878837646e-03    1.117525837666817e-04    5.189308804612705e-07    0.000000000000000e+00   -7.542542119862816e-05    2.072029028374367e-03   -1.809905608820715e-05
    4.348327655383372e-01    8.673854327267171e+02    1.992608837983329e-03    1.160872853511481e-04    2.697220387240641e-07    0.000000000000000e+00   -7.409906425078625e-05    2.049204580883463e-03   -1.433779976104830e-05
    4.382431037931148e-01    8.741882267139702e+02    1.968007833232803e-03    1.226400523812632e-04    4.391283469729576e-07    0.000000000000000e+00   -7.377582045441712e-05    2.026732153311537e-03   -9.420959804916102e-06
    4.416630157129143e-01    8.810101178305930e+02    1.943653603254456e-03    1.296361921777624e-04    6.181343912365145e-07    0.000000000000000e+00   -7.422790880900612e-05    2.004565618945176e-03   -4.885597930727979e-06
    4.450924430143548e-01    8.878509898154400e+02    1.919994395193138e-03    1.377390315223155e-04    6.967757679153416e-07    0.000000000000000e+00   -7.529940691376942e-05    1.982551168688695e-03    5.796268809053762e-07
    4.485313272518908e-01    8.947107260838867e+02    1.896605425528150e-03    1.442427392343314e-04    9.113023453194487e-07    0.000000000000000e+00   -7.664481828041247e-05    1.960692189900068e-03    4.422458927320645e-06
    4.519796098188085e-01    9.015892097298164e+02    1.873155425488469e-03    1.475469516739252e-04    1.097020748429273e-06    0.000000000000000e+00   -7.783046030816126e-05    1.939046026312863e-03    4.922911289799567e-06
    4.554372319482241e-01    9.084863235276132e+02    1.849862562154218e-03    1.488818394553382e-04    1.462214024905025e-06    0.000000000000000e+00   -7.902798285044642e-05    1.917657808146016e-03    3.520824637998207e-06
    4.589041347140854e-01    9.154019499341587e+02    1.826776725289455e-03    1.506602616042089e-04    1.216239361198919e-06    0.000000000000000e+00   -8.005208786301565e-05    1.896302048560384e-03    2.299089831463109e-06
    4.623802590321769e-01    9.223359710908368e+02    1.803697609185727e-03    1.535311944791751e-04    5.697805788563879e-07    0.000000000000000e+00   -8.046696196877152e-05    1.875077190935662e-03    2.254431339323779e-06
    4.658655456611256e-01    9.292882688255409e+02    1.780704228608389e-03    1.566125772684815e-04    6.162283750880807e-07    0.000000000000000e+00   -8.037516269802678e-05    1.854229539623086e-03    3.328331930845582e-06
    4.693599352034108e-01    9.362587246546877e+02    1.757712373652816e-03    1.604332468228682e-04    7.513435329357664e-07    0.000000000000000e+00   -7.996674581043216e-05    1.833608318740446e-03    5.321899457741332e-06
    4.728633681063773e-01    9.432472197852385e+02    1.734673429439393e-03    1.636110656068768e-04    7.790608879432711e-07    0.000000000000000e+00   -7.990144519094226e-05    1.813186427905572e-03    5.975682837698788e-06
    4.763757846632491e-01    9.502536351167211e+02    1.711875582087557e-03    1.653059333564802e-04    7.542569436102200e-07    0.000000000000000e+00   -8.066363699528501e-05    1.793040609125408e-03    4.231526266954650e-06
    4.798971250141478e-01    9.572778512432609e+02    1.689058013953917e-03    1.668456334528227e-04    1.061778272587170e-06    0.000000000000000e+00   -8.207670471983491e-05    1.773280534399564e-03    1.608186559927177e-06
    4.834273291471126e-01    9.643197484556166e+02    1.666210255316043e-03    1.685909509164647e-04    1.066351865251206e-06    0.000000000000000e+00   -8.310647146281361e-05    1.753783379537284e-03   -1.022292902338930e-06
    4.869663368991224e-01    9.713792067432179e+02    1.643919957782901e-03    1.697631601645073e-04    5.182700337523734e-07    0.000000000000000e+00   -8.273078365037570e-05    1.734435725345118e-03   -2.965121014332625e-06
    4.905140879571221e-01    9.784561057962136e+02    1.622358400608153e-03    1.715150273637895e-04    3.746389294153539e-07    0.000000000000000e+00   -8.165132209077181e-05    1.715280213398500e-03   -2.683468587914850e-06
    4.940705218590499e-01    9.855503250075200e+02    1.601248171111345e-03    1.742561982829925e-04    5.110269349596149e-07    0.000000000000000e+00   -8.123379777064827e-05    1.696396396623814e-03   -1.614798065164560e-06
    4.976355779948676e-01    9.926617434748771e+02    1.580356228191338e-03    1.776028858030703e-04    4.807995593874631e-07    0.000000000000000e+00   -8.173324392075993e-05    1.677709517818225e-03   -1.002848185188698e-06
    5.012091956075939e-01    9.997902400029087e+02    1.559857698077009e-03    1.832083535687354e-04    5.132128719522611e-07    0.000000000000000e+00   -8.252905065103180e-05    1.659217918647659e-03    1.832295219005280e-06
    5.047913137943398e-01    1.006935693105189e+03    1.539484282990617e-03    1.884910716240337e-04    1.046021415122050e-06    0.000000000000000e+00   -8.336126268767046e-05    1.640893800199225e-03    4.766313142877312e-06
    5.083818715073465e-01    1.014097981006310e+03    1.519003806626954e-03    1.899363848821169e-04    1.674456945171637e-06    0.000000000000000e+00   -8.399460091607558e-05    1.622701080367781e-03    3.918967170385554e-06
    5.119808075550254e-01    1.021276981643962e+03    1.498686388282171e-03    1.892755644493933e-04    1.793392015131752e-06    0.000000000000000e+00   -8.374383073553073e-05    1.604708929352376e-03    1.302584658790032e-06
    5.155880606030014e-01    1.028472572671009e+03    1.478638629689796e-03    1.897135638936537e-04    1.204315754406807e-06    0.000000000000000e+00   -8.264746619216487e-05    1.586874573820299e-03    3.446932539136888e-08
    5.192035691751582e-01    1.035684631457574e+03    1.458632488963748e-03    1.902068660037735e-04    8.957780376934015e-07    0.000000000000000e+00   -8.127737530708184e-05    1.569284757215351e-03   -8.269995172170350e-07
    5.228272716546859e-01    1.042913035093135e+03    1.438736316042687e-03    1.908728430746863e-04    5.687625718955052e-07    0.000000000000000e+00   -7.999295400298149e-05    1.551925662052360e-03   -1.740694366073178e-06
    5.264591062851307e-01    1.050157660388609e+03    1.419432180888431e-03    1.904288542963398e-04    6.058834217928345e-07    0.000000000000000e+00   -7.924360462154908e-05    1.534884176425323e-03   -3.660862440307703e-06
    5.300990111714481e-01    1.057418383878464e+03    1.400628582103603e-03    1.911427539500530e-04    6.010523378532736e-07    0.000000000000000e+00   -7.938761141994267e-05    1.518007481643977e-03   -5.022704672410410e-06
    5.337469242810573e-01    1.064695081822811e+03    1.382214939890318e-03    1.964485658649942e-04    6.880141718554990e-07    0.000000000000000e+00   -8.052922576748855e-05    1.501308787782806e-03   -2.486493623127728e-06
    5.374027834448982e-01    1.071987630209523e+03    1.363860027012814e-03    2.035512120015898e-04    8.012054857530778e-07    0.000000000000000e+00   -8.253449838348137e-05    1.484850453860827e-03    8.274922558490494e-07
    5.410665263584914e-01    1.079295904756342e+03    1.345248855830015e-03    2.103683774447744e-04    5.975755661542880e-07    0.000000000000000e+00   -8.465675364530947e-05    1.468596666226053e-03    2.961388969580179e-06
    5.447380905829997e-01    1.086619780912998e+03    1.326510192469919e-03    2.147892999073228e-04    6.573746373024482e-07    0.000000000000000e+00   -8.653900682438011e-05    1.452546491324117e-03    2.871368866047726e-06
    5.484174135462924e-01    1.093959133863335e+03    1.307698890461762e-03    2.164154823468589e-04    1.015847060184731e-06    0.000000000000000e+00   -8.775935851467659e-05    1.436701138906940e-03    6.697224471893283e-07
    5.521044325440113e-01    1.101313838527434e+03    1.288913975252178e-03    2.160260174841479e-04    1.222378533934026e-06    0.000000000000000e+00   -8.761813893607810e-05    1.420874409247340e-03   -2.330176913158642e-06
    5.557990847406399e-01    1.108683769563748e+03    1.270353002231137e-03    2.165524468895630e-04    9.045292173444574e-07    0.000000000000000e+00   -8.634715578941340e-05    1.405084624935709e-03   -3.621802387078314e-06
    5.595013071705737e-01    1.116068801371237e+03    1.251956954333846e-03    2.178730780552663e-04    8.559382437204159e-07    0.000000000000000e+00   -8.454269995400335e-05    1.389507621621078e-03   -3.364350942248410e-06
    5.632110367391936e-01    1.123468808091505e+03    1.233801159948040e-03    2.168835140244213e-04    8.793641731863051e-07    0.000000000000000e+00   -8.251722898105708e-05    1.374126166993873e-03   -5.079357829281895e-06
    5.669282102239410e-01    1.130883663610951e+03    1.216142825073179e-03    2.165665887126731e-04    5.616184498793956e-07    0.000000000000000e+00   -8.111783561593257e-05    1.359086993450129e-03   -6.933796830329566e-06
    5.706527642753958e-01    1.138313241562915e+03    1.198864968015933e-03    2.195258312348566e-04    3.932722239084657e-07    0.000000000000000e+00   -8.109688942268964e-05    1.344243615447760e-03   -6.556433395750721e-06
    5.743846354183553e-01    1.145757415329831e+03    1.181662307880916e-03    2.238598458602514e-04    5.138710524878823e-07    0.000000000000000e+00   -8.206189311878958e-05    1.329476711028686e-03   -5.502579353820888e-06
    5.781237600529161e-01    1.153216058045388e+03    1.164287562122751e-03    2.288136057507644e-04    5.719533194321894e-07    0.000000000000000e+00   -8.353475170948843e-05    1.314809262351508e-03   -4.670892868049266e-06
    5.818700744555583e-01    1.160689042596685e+03    1.146747158353553e-03    2.338951572623651e-04    5.630714751202048e-07    0.000000000000000e+00   -8.473767905723229e-05    1.300113193504088e-03   -3.645485470282284e-06
    5.856235147802317e-01    1.168176241626409e+03    1.129558714308824e-03    2.400556269372538e-04    2.875720694752376e-07    0.000000000000000e+00   -8.510685505049319e-05    1.285448176259101e-03   -6.531179940409519e-07
    5.893840170594431e-01    1.175677527534994e+03    1.112789978740515e-03    2.464620006775883e-04    3.212055394479406e-07    0.000000000000000e+00   -8.483798437291753e-05    1.270966379539659e-03    3.768821044975194e-06
    5.931515172053470e-01    1.183192772482801e+03    1.095632004538998e-03    2.506663175069192e-04    8.751206818425210e-07    0.000000000000000e+00   -8.457169130046341e-05    1.256646869801446e-03    5.954881625850955e-06
    5.969259510108379e-01    1.190721848392296e+03    1.077935794418785e-03    2.528922190459586e-04    1.480394434522991e-06    0.000000000000000e+00   -8.428546183383209e-05    1.242454410706439e-03    5.568535358996133e-06
    6.007072541506442e-01    1.198264626950235e+03    1.059950292161878e-03    2.528390181554524e-04    1.875489693634653e-06    0.000000000000000e+00   -8.398991683673573e-05    1.228369226233394e-03    2.305656940835904e-06
    6.044953621824245e-01    1.205820979609845e+03    1.041741368609926e-03    2.534414755750532e-04    1.628365631775741e-06    0.000000000000000e+00   -8.385008239173339e-05    1.214313837025068e-03   -1.352709600046078e-06
    6.082902105478664e-01    1.213390777593022e+03    1.023292653393052e-03    2.575301991658652e-04    1.474376356816408e-06    0.000000000000000e+00   -8.398973909135646e-05    1.200491780072624e-03   -2.184290248247005e-06
    6.120917345737857e-01    1.220973891892517e+03    1.004837557191699e-03    2.618041616831937e-04    1.577996440811429e-06    0.000000000000000e+00   -8.457840548325117e-05    1.186933200587549e-03   -3.291890755095436e-06
    6.158998694732298e-01    1.228570193274145e+03    9.867763602916546e-04    2.652502408476751e-04    1.564184983122838e-06    0.000000000000000e+00   -8.525112505667934e-05    1.173563788161506e-03   -5.224127095732013e-06
    6.197145503465804e-01    1.236179552278978e+03    9.690353175679249e-04    2.696026818804102e-04    1.355440605786409e-06    0.000000000000000e+00   -8.578890123329345e-05    1.160327747981384e-03   -6.123209160556736e-06
    6.235357121826612e-01    1.243801839225557e+03    9.514922927151645e-04    2.748637309475612e-04    1.257265858536432e-06    0.000000000000000e+00   -8.648499129846018e-05    1.147204296276743e-03   -6.075998053941276e-06
    6.273632898598445e-01    1.251436924212100e+03    9.340831290034813e-04    2.812826661977807e-04    1.159257960212206e-06    0.000000000000000e+00   -8.769142504853910e-05    1.134211755310317e-03   -5.378127197382728e-06
    6.311972181471613e-01    1.259084677118716e+03    9.169054882918834e-04    2.881782501181118e-04    9.526987040961179e-07    0.000000000000000e+00   -8.896207721918311e-05    1.121371938191018e-03   -4.297578296110762e-06
    6.350374317054138e-01    1.266744967609622e+03    9.000836696679145e-04    2.949816929916241e-04    9.248106246885509e-07    0.000000000000000e+00   -9.004661635614188e-05    1.108653422403023e-03   -2.709865474936988e-06
    6.388838650882879e-01    1.274417665135367e+03    8.834476377865914e-04    3.004426222795743e-04    1.012222567267286e-06    0.000000000000000e+00   -9.091111160423567e-05    1.096087226176047e-03   -2.095855146850602e-06
    6.427364527434689e-01    1.282102638935052e+03    8.668740949157989e-04    3.050727928063335e-04    9.062003335596149e-07    0.000000000000000e+00   -9.164014301209661e-05    1.083724176840596e-03   -2.511231797000177e-06
    6.465951290137593e-01    1.289799758038564e+03    8.504308311570640e-04    3.099624684145884e-04    7.880960784488579e-07    0.000000000000000e+00   -9.226027118282649e-05    1.071479841524915e-03   -2.558717057640856e-06
    6.504598281381966e-01    1.297508891268804e+03    8.342537203083666e-04    3.153256882444164e-04    6.376867752478639e-07    0.000000000000000e+00   -9.280331634632381e-05    1.059299997840041e-03   -1.886218858333788e-06
    6.543304842531749e-01    1.305229907243923e+03    8.184117701015828e-04    3.229208951101558e-04    4.810137451156198e-07    0.000000000000000e+00   -9.354020436740402e-05    1.047282963665239e-03    9.905109242106837e-07
    6.582070313935672e-01    1.312962674379564e+03    8.027915808401524e-04    3.306897455709307e-04    5.358427034668513e-07    0.000000000000000e+00   -9.422603907967107e-05    1.035497011106359e-03    4.294118928519983e-06
    6.620894034938494e-01    1.320707060891101e+03    7.871470297384757e-04    3.367753256166656e-04    8.908599072882808e-07    0.000000000000000e+00   -9.480509727556979e-05    1.023900176970841e-03    6.107941016018567e-06
    6.659775343892262e-01    1.328462934795887e+03    7.713634408660853e-04    3.418479494096148e-04    1.074786171859465e-06    0.000000000000000e+00   -9.533179533693661e-05    1.012390179016735e-03    6.564202093888418e-06
    6.698713578167591e-01    1.336230163915502e+03    7.555930217952550e-04    3.466072392389470e-04    1.075551101392410e-06    0.000000000000000e+00   -9.565737160038124e-05    1.000961008821576e-03    6.657431713637035e-06
    6.737708074164952e-01    1.344008615878007e+03    7.400768684190360e-04    3.518218769642321e-04    9.996729519174804e-07    0.000000000000000e+00   -9.549641836164701e-05    9.895536219452681e-04    7.848378028270549e-06
    6.776758167325982e-01    1.351798158120198e+03    7.246497072995858e-04    3.557047692963210e-04    1.217139032704246e-06    0.000000000000000e+00   -9.479420556743741e-05    9.783190803785236e-04    8.458329682650353e-06
    6.815863192144815e-01    1.359598657889869e+03    7.089468078924274e-04    3.566933137268351e-04    1.494465363786873e-06    0.000000000000000e+00   -9.405341490056170e-05    9.672864683750507e-04    5.794703707436987e-06
    6.855022482179417e-01    1.367409982248070e+03    6.930737547979097e-04    3.564286885212287e-04    1.541050001833744e-06    0.000000000000000e+00   -9.352929386155105e-05    9.564168938663433e-04    1.097305593077570e-06
    6.894235370062947e-01    1.375231998071374e+03    6.772321445793451e-04    3.573408825998534e-04    1.440497310156061e-06    0.000000000000000e+00   -9.276020104485195e-05    9.457677809567235e-04   -2.514457512220610e-06
    6.933501187515128e-01    1.383064572054147e+03    6.614778584635219e-04    3.600284372203194e-04    1.319841315394065e-06    0.000000000000000e+00   -9.155881087401623e-05    9.353038785352649e-04   -4.036552410046105e-06
    6.972819265353641e-01    1.390907570710819e+03    6.459646881775206e-04    3.640401074106710e-04    1.263910458395707e-06    0.000000000000000e+00   -9.051183898360228e-05    9.250372196258978e-04   -4.280352562912953e-06
    7.012188933505527e-01    1.398760860378159e+03    6.308169929587365e-04    3.687406094119300e-04    1.085523135108424e-06    0.000000000000000e+00   -8.973421497888303e-05    9.148566030218717e-04   -3.947692494979675e-06
    7.051609521018602e-01    1.406624307217552e+03    6.159712885935719e-04    3.740029636832327e-04    9.531603409298086e-07    0.000000000000000e+00   -8.918770488851816e-05    9.047435729182782e-04   -3.003865189061682e-06
    7.091080356072901e-01    1.414497777217282e+03    6.013577112465618e-04    3.795463447725466e-04    9.327865819178939e-07    0.000000000000000e+00   -8.891190619265617e-05    8.947903107206836e-04   -1.865374312313441e-06
    7.130600765992119e-01    1.422381136194815e+03    5.869017869527394e-04    3.844043819766370e-04    1.037655997746198e-06    0.000000000000000e+00   -8.881946933733200e-05    8.849929514508396e-04   -1.468595861048782e-06
    7.170170077255077e-01    1.430274249799082e+03    5.725480203921280e-04    3.892717151492029e-04    1.131595164896377e-06    0.000000000000000e+00   -8.927662060244674e-05    8.753589925270284e-04   -1.684282423247392e-06
    7.209787615507204e-01    1.438176983512777e+03    5.584303132994138e-04    3.947593321834106e-04    1.206669199011742e-06    0.000000000000000e+00   -9.009233394406891e-05    8.658304118351538e-04   -1.526431097386696e-06
    7.249452705572028e-01    1.446089202654641e+03    5.445028076660239e-04    3.984897715495927e-04    1.552910295408782e-06    0.000000000000000e+00   -9.040397876863035e-05    8.564368761906457e-04   -2.295365448250685e-06
    7.289164671462678e-01    1.454010772381762e+03    5.305517204367899e-04    4.015117329135214e-04    1.725090987804662e-06    0.000000000000000e+00   -9.024240030090975e-05    8.471641920292543e-04   -3.618047992048098e-06
    7.328922836393410e-01    1.461941557691873e+03    5.164836258173997e-04    4.062299539881019e-04    1.602528630198174e-06    0.000000000000000e+00   -9.024695369274925e-05    8.379799493731779e-04   -3.910794630226943e-06
    7.368726522791142e-01    1.469881423425651e+03    5.024220512348012e-04    4.115005340074299e-04    1.454677840067690e-06    0.000000000000000e+00   -9.049400698060058e-05    8.289552387085635e-04   -4.071982606865037e-06
    7.408575052306994e-01    1.477830234269019e+03    4.885483346260290e-04    4.163065992256422e-04    1.442556316050715e-06    0.000000000000000e+00   -9.064348615516954e-05    8.200988545243770e-04   -4.444850511824529e-06
    7.448467745827856e-01    1.485787854755458e+03    4.748445366288707e-04    4.211731249416248e-04    1.417368409880718e-06    0.000000000000000e+00   -9.046930805804453e-05    8.113884460858134e-04   -4.422724163481587e-06
    7.488403923487958e-01    1.493754149268309e+03    4.612708079163657e-04    4.257313166458040e-04    1.318262587953324e-06    0.000000000000000e+00   -9.004163584939866e-05    8.027731644879013e-04   -4.494413187176817e-06
    7.528382904680460e-01    1.501728982043089e+03    4.478856407510083e-04    4.300658118401611e-04    1.087424872449887e-06    0.000000000000000e+00   -8.947256326042096e-05    7.942458751067339e-04   -4.679560903535478e-06
    7.568404008069043e-01    1.509712217169800e+03    4.348366385529564e-04    4.352312080544270e-04    9.624476553327476e-07    0.000000000000000e+00   -8.871801672575002e-05    7.859151579847815e-04   -3.602880447815143e-06
    7.608466551599531e-01    1.517703718595251e+03    4.220668767784536e-04    4.402658178674424e-04    1.242830662599095e-06    0.000000000000000e+00   -8.781947642298684e-05    7.778072362262003e-04   -2.051187340692206e-06
    7.648569852511511e-01    1.525703350125373e+03    4.093606794533957e-04    4.453952981667297e-04    1.425721627687621e-06    0.000000000000000e+00   -8.706559345994534e-05    7.697887220407518e-04   -6.726162528841815e-07
    7.688713227349963e-01    1.533710975427540e+03    3.966533214257469e-04    4.503301101487079e-04    1.653620445053808e-06    0.000000000000000e+00   -8.674075180878466e-05    7.618925782376432e-04    3.721973080867552e-09
    7.728895991976916e-01    1.541726458032895e+03    3.840129687735619e-04    4.544842878433475e-04    1.956033160461232e-06    0.000000000000000e+00   -8.679977086017571e-05    7.541019107207400e-04   -4.483918035446928e-07
    7.769117461583105e-01    1.549749661338671e+03    3.716185851714651e-04    4.591895281847339e-04    2.092335406656125e-06    0.000000000000000e+00   -8.696694790094415e-05    7.464127722618646e-04   -4.792713999537870e-07
    7.809376950699636e-01    1.557780448610524e+03    3.594675904645537e-04    4.645313210269529e-04    2.087234623699448e-06    0.000000000000000e+00   -8.683518401985807e-05    7.388312917239906e-04    4.196703713574756e-07
    7.849673773209678e-01    1.565818682984861e+03    3.474941973147072e-04    4.692253416490905e-04    2.030117561727987e-06    0.000000000000000e+00   -8.617425317643134e-05    7.314020740385981e-04    1.173329310496336e-06
    7.890007242360147e-01    1.573864227471173e+03    3.356451770353649e-04    4.721190846302745e-04    2.112780334850650e-06    0.000000000000000e+00   -8.510312386450691e-05    7.241603425759234e-04    6.135755600597927e-07
    7.930376670773416e-01    1.581916944954370e+03    3.238256588095662e-04    4.723192608830454e-04    2.374351750707119e-06    0.000000000000000e+00   -8.374858512012423e-05    7.171154515996602e-04   -2.344765276465722e-06
    7.970781370459026e-01    1.589976698197115e+03    3.121870871467047e-04    4.726948404055986e-04    2.176535625455852e-06    0.000000000000000e+00   -8.225712963339647e-05    7.101725145445335e-04   -5.371181000170472e-06
    8.011220652825412e-01    1.598043349842168e+03    3.007321961630244e-04    4.755690767154864e-04    1.956824072448852e-06    0.000000000000000e+00   -8.118433232383654e-05    7.033537669459694e-04   -6.280002318846396e-06
    8.051693828691638e-01    1.606116762414721e+03    2.893446818824042e-04    4.804290157922005e-04    1.889120005902436e-06    0.000000000000000e+00   -8.091180674467474e-05    6.966672283896273e-04   -5.916217453794895e-06
    8.092200208299145e-01    1.614196798324745e+03    2.781396549821904e-04    4.871846597270289e-04    1.683851436706008e-06    0.000000000000000e+00   -8.135160298310210e-05    6.900893804674750e-04   -4.432817304652410e-06
    8.132739101323502e-01    1.622283319869335e+03    2.671291957789421e-04    4.943461817420343e-04    1.721679731613740e-06    0.000000000000000e+00   -8.217910451088145e-05    6.836821603031767e-04   -2.664207561467891e-06
    8.173309816886172e-01    1.630376189235054e+03    2.562585916414507e-04    5.007105533042581e-04    1.798779185576769e-06    0.000000000000000e+00   -8.311607797043873e-05    6.773926871859607e-04   -1.740841025113992e-06
    8.213911663566287e-01    1.638475268500282e+03    2.454826058642848e-04    5.058607375605071e-04    1.881730204746245e-06    0.000000000000000e+00   -8.400077335210792e-05    6.712274389177131e-04   -2.003138640282835e-06
    8.254543949412434e-01    1.646580419637571e+03    2.347871263279499e-04    5.097855259814513e-04    2.137974505041730e-06    0.000000000000000e+00   -8.471529786342038e-05    6.652450931751329e-04   -3.249764224110625e-06
    8.295205981954440e-01    1.654691504515991e+03    2.242909436122940e-04    5.135361809114912e-04    2.358775816449737e-06    0.000000000000000e+00   -8.533058645660386e-05    6.594407875483492e-04   -4.585473664718109e-06
    8.335897068215181e-01    1.662808384903489e+03    2.141214646600800e-04    5.190714097688911e-04    2.222907496821699e-06    0.000000000000000e+00   -8.568413716110565e-05    6.537373097503236e-04   -4.005664985636610e-06
    8.376616514722389e-01    1.670930922469240e+03    2.042753973434517e-04    5.256871012985672e-04    2.255028587512675e-06    0.000000000000000e+00   -8.574373422598281e-05    6.481934814294254e-04   -1.719688425876596e-06
    8.417363627520470e-01    1.679058978786011e+03    1.946900323798011e-04    5.310143548278541e-04    2.357123708517383e-06    0.000000000000000e+00   -8.575129595337070e-05    6.427937980412904e-04   -4.835830784883938e-07
    8.458137712182330e-01    1.687192415332513e+03    1.853082259608233e-04    5.348884788512306e-04    2.303952675965298e-06    0.000000000000000e+00   -8.576678367920607e-05    6.374856557818315e-04   -7.517819730188963e-07
    8.498938073821211e-01    1.695331093495769e+03    1.760530424132445e-04    5.383232393701560e-04    2.216703637053184e-06    0.000000000000000e+00   -8.581066451372552e-05    6.323207208909016e-04   -1.538399984173425e-06
    8.539764017102535e-01    1.703474874573468e+03    1.669705067158737e-04    5.418880062596457e-04    2.269780265823275e-06    0.000000000000000e+00   -8.577952719443586e-05    6.273690116897291e-04   -2.020245642822202e-06
    8.580614846255750e-01    1.711623619776336e+03    1.581017992227843e-04    5.456145473773247e-04    2.425563703310478e-06    0.000000000000000e+00   -8.543974936150650e-05    6.225737756827798e-04   -1.871614740866904e-06
    8.621489865086192e-01    1.719777190230500e+03    1.494690559470069e-04    5.500062518969345e-04    2.442121987300798e-06    0.000000000000000e+00   -8.488701771189243e-05    6.179116375590960e-04   -8.812254397462917e-07
    8.662388376986945e-01    1.727935446979849e+03    1.410681563891732e-04    5.551410508762571e-04    2.388402680477589e-06    0.000000000000000e+00   -8.429680521956355e-05    6.133978997319015e-04    9.029049944429910e-07
    8.703309684950719e-01    1.736098250988410e+03    1.328636294602926e-04    5.604200139917397e-04    2.296336829153634e-06    0.000000000000000e+00   -8.381466633933425e-05    6.090303021379715e-04    2.735011803880159e-06
    8.744253091581722e-01    1.744265463142713e+03    1.249031216327311e-04    5.645929337138854e-04    2.330008407553833e-06    0.000000000000000e+00   -8.339771764915037e-05    6.048294847017998e-04    3.598861403220294e-06
    8.785217899107551e-01    1.752436944254163e+03    1.171952041398358e-04    5.673493642847331e-04    2.487421144238496e-06    0.000000000000000e+00   -8.283746582891470e-05    6.007660634183211e-04    3.428460321571423e-06
    8.826203409391081e-01    1.760612555061410e+03    1.096947264321739e-04    5.700401884714910e-04    2.600830609912283e-06    0.000000000000000e+00   -8.207802262698128e-05    5.968209160607514e-04    3.436806825844632e-06
    8.867208923942361e-01    1.768792156232727e+03    1.023937975600742e-04    5.731851336747274e-04    2.605774761365952e-06    0.000000000000000e+00   -8.126383883824454e-05    5.929715509519419e-04    3.949316205981157e-06
    8.908233743930521e-01    1.776975608368380e+03    9.532145600837485e-05    5.760633562611604e-04    2.730903346278086e-06    0.000000000000000e+00   -8.065544257817714e-05    5.892745022642956e-04    4.185770773340526e-06
    8.949277170195682e-01    1.785162772003006e+03    8.851979137538940e-05    5.785928156385325e-04    2.836142520163985e-06    0.000000000000000e+00   -8.021083892741669e-05    5.857242505836131e-04    4.013660023055934e-06
    8.990338503260868e-01    1.793353507607990e+03    8.197797935802207e-05    5.815489042525039e-04    2.848239275783960e-06    0.000000000000000e+00   -7.975156784901148e-05    5.822936748141404e-04    4.329880223157890e-06
    9.031417043343931e-01    1.801547675593840e+03    7.562568586409919e-05    5.846319095417808e-04    2.818801007659391e-06    0.000000000000000e+00   -7.924193773265655e-05    5.789924614791771e-04    4.841997201705762e-06
    9.072512090369473e-01    1.809745136312570e+03    6.945016006987418e-05    5.871460229625528e-04    2.788420201726236e-06    0.000000000000000e+00   -7.874655209570728e-05    5.758292324873996e-04    4.808818651046501e-06
    9.113622943980779e-01    1.817945750060078e+03    6.351204348217864e-05    5.892755749373494e-04    2.804970581554036e-06    0.000000000000000e+00   -7.828830040093618e-05    5.728227262030451e-04    4.481562397100651e-06
    9.154748903551754e-01    1.826149377078527e+03    5.784992450292441e-05    5.915944724326197e-04    2.911926020931824e-06    0.000000000000000e+00   -7.785077150792646e-05    5.700021431455677e-04    4.503408302982130e-06
    9.195889268198859e-01    1.834355877558726e+03    5.243089469378149e-05    5.939682591275181e-04    2.942039181300094e-06    0.000000000000000e+00   -7.734834209241201e-05    5.672867014690438e-04    4.706149441143859e-06
    9.237043336793060e-01    1.842565111642513e+03    4.725952423840224e-05    5.956272191672815e-04    2.856501470109002e-06    0.000000000000000e+00   -7.677977972519324e-05    5.646517131404643e-04    4.311752010134943e-06
    9.278210407971776e-01    1.850776939425140e+03    4.235366288346318e-05    5.966145772643636e-04    2.881083931637450e-06    0.000000000000000e+00   -7.636888789244765e-05    5.621519744686088e-04    3.328461718407789e-06
    9.319389780150831e-01    1.858991220957656e+03    3.769706358234419e-05    5.971308700812751e-04    3.047800439368582e-06    0.000000000000000e+00   -7.619095936739789e-05    5.598141932292306e-04    1.870581506359511e-06
    9.360580751536409e-01    1.867207816249292e+03    3.330433780557364e-05    5.980907405860135e-04    3.069834687367754e-06    0.000000000000000e+00   -7.610871389695428e-05    5.575850908736528e-04    7.711083083478554e-07
    9.401782620137019e-01    1.875426585269847e+03    2.918634956178191e-05    5.998429979117302e-04    3.069307967038398e-06    0.000000000000000e+00   -7.582733380982142e-05    5.555263106493469e-04    7.450109813821656e-07
    9.442994683775454e-01    1.883647387952076e+03    2.533292399715137e-05    6.013926100107376e-04    3.095489307165720e-06    0.000000000000000e+00   -7.538173634004802e-05    5.536232136070376e-04    8.160733679691981e-07
    9.484216240100758e-01    1.891870084194073e+03    2.173130105973854e-05    6.024669377950445e-04    3.143004762323192e-06    0.000000000000000e+00   -7.496918690518059e-05    5.518578835502189e-04    5.141731617067232e-07
    9.525446586600201e-01    1.900094533861663e+03    1.837817853667133e-05    6.035131694824528e-04    3.259148818554536e-06    0.000000000000000e+00   -7.455959015624211e-05    5.502304955141946e-04    3.604111672417774e-07
    9.566685020611244e-01    1.908320596790789e+03    1.529827861051576e-05    6.040773426761449e-04    3.243975360931778e-06    0.000000000000000e+00   -7.411268954883341e-05    5.486833830280658e-04   -1.764759293065507e-07
    9.607930839333522e-01    1.916548132789898e+03    1.251131293839113e-05    6.038229976469389e-04    3.167139174148286e-06    0.000000000000000e+00   -7.364475447216484e-05    5.472678229754513e-04   -1.411127688137831e-06
    9.649183339840810e-01    1.924777001642335e+03    1.000197782645363e-05    6.037775984999519e-04    3.189756608205830e-06    0.000000000000000e+00   -7.326467052015288e-05    5.460302908971187e-04   -2.325628482660190e-06
    9.690441819093016e-01    1.933007063108728e+03    7.761928957381654e-06    6.043080128326276e-04    3.312250307788122e-06    0.000000000000000e+00   -7.309216306482501e-05    5.449428669123400e-04   -2.652837879367573e-06
    9.731705573948156e-01    1.941238176929381e+03    5.809039357994035e-06    6.052933542484963e-04    3.461837520724409e-06    0.000000000000000e+00   -7.311697372509204e-05    5.440020748371918e-04   -2.554817435069059e-06
    9.772973901174332e-01    1.949470202826663e+03    4.153435858961667e-06    6.060055038108607e-04    3.457268521826983e-06    0.000000000000000e+00   -7.312780991822624e-05    5.431501449575872e-04   -2.661746684164200e-06
    9.814246097461727e-01    1.957703000507400e+03    2.789370745191941e-06    6.060348223931485e-04    3.405901409991793e-06    0.000000000000000e+00   -7.281729668808460e-05    5.424358882112515e-04   -3.023090351003807e-06
    9.855521459434584e-01    1.965936429665264e+03    1.712899814615907e-06    6.062852430052845e-04    3.367109835815539e-06    0.000000000000000e+00   -7.216990818832694e-05    5.419050196636293e-04   -2.709675196240543e-06
    9.896799283663196e-01    1.974170349983165e+03    9.156133103376537e-07    6.065726461251045e-04    3.318222838308753e-06    0.000000000000000e+00   -7.139656073696059e-05    5.414724168659447e-04   -2.062495329154478e-06
    9.938078866675891e-01    1.982404621135643e+03    3.850827565023958e-07    6.061436284428992e-04    3.294213985423545e-06    0.000000000000000e+00   -7.082942419349604e-05    5.411441047873918e-04   -2.150603796062869e-06
    9.979359504971027e-01    1.990639102791259e+03    1.176204244422742e-07    6.055778742474390e-04    3.373690946491254e-06    0.000000000000000e+00   -7.061607530616112e-05    5.409816728016858e-04   -2.528562489474500e-06
