% Filename : LM_Channel_1000_RSTE_k_prof.dat 
% 
% Description : Terms in Reynolds stress transport equation for turbulent kinetic energy, k = 0.5*(u'u' + v'v' + w'w')
% 
% Total number of data points  : 256
% 
% 
% 
% 
% The data in this file was extracted from a direct numerical simulation 
% of fully developed plane turbulent channel flow. The file is available at 
% http://turbulence.ices.utexas.edu, where it will be updated as necessary. 
% 
% When publishing results using this data, the following paper should be 
% cited as the source:  
% 
%    Myoungkyu Lee and Robert D. Moser,  
%    Direct numerical simulation of turbulent channel flow up to Re_tau = 5200, 
%    2015, Journal of Fluid Mechanics, vol. 774, pp. 395-415 
% 
% The paper can be found at http://journals.cambridge.org/article_S0022112015002682 
% 
% NOTE: before publication, please check 
% http://turbulence.ices.utexas.edu for any updates to the data and an 
% updated citation 
% 
% 
% Contact to Robert D. Moser(rmoser@ices.utexas.edu) or M.K. Lee(mnlee@sandia.gov) for questions.
% 
% 
% The parameters defining the simulation from which this data were extracted are: 
% 
%  Grid (streamwise)       nx = 2304 
%  Grid (wall-normal)      ny = 512 
%  Grid (spanwise)         nz = 2048 
%  Streamwise domain size  Lx = 8pi 
%  Spanwise domain size    Lz = 3pi 
%  B-Spline order           n = 7 
%  Kinematic Viscosity     nu = 5.00000e-05 
%  Channel half width   delta = 1.000 
%  Avg streamwise vel  U_mean = 1.000 
%  Friction vel         u_tau = 5.00256e-02 
%  Re_tau              Re_tau = 1000.512 
% 
% 
% All data are normalized by u_tau and nu (signified with a ^+) except 
% for y/delta 
% 
% This file was last updated on 6/15/2015.
% 
% 
% 
% Remark: (Half of sum of i=j=1, i=j=2 and i=j=3)
% 
%    y/delta              : Grid point in wall-normal direction, Normalized by channel half width 
%    y^+                  : Grid point in wall-normal direction 
%    Production           :  -<u_i' u_k'> dU_j/dU_k + -<u_j' u_k'> dU_i/dx_k 
%    Turbulent Transport  : - d<u_i'u_j'u_k'>/dx_k 
%    Viscous Transport    : nu d^2 <u_i'u_k'> / dx_k dx_k 
%    Pressure Strain      : <p(du_i'/dx_j' + du_j'/dx_i')> 
%    Pressure Transport   : - ( d<pu_i'>/dx_j + d<pu_j'>/dx_i ) 
%    Viscous Dissipation  : 2 nu <du_i'/dx_k du_j'/dx_k> 
%    Balance : Production + Turb_Trans + Visc_Trans + Press_Strain + Press_Trans - Vis_Diss 
% 
% *   Estimated standard deviations of datasets in this file are in the file: LM_Channel_1000_RSTE_k_stdev.dat 
% 
% **  Data at y/delta = 1.0 is not computed due to code performance optimization 
% 
% *** Analytic values of Pressure_Strain are zero everywhere. These are reported here only for completeness of data with other quantities. 
% 
% -----------End of header--------- 
% 
%         y/delta                    y^+                   Production          Turbulent_Transport        Viscous_Transport       Pressure_Strain         Pressure_Transport        Viscous_Dissipation           Balance        
%--------------------------------------------------------------------------------------------------------------------------------------------------------------------------------------------------------------------------------
    0.000000000000000e+00    0.000000000000000e+00    0.000000000000000e+00    1.765213753434445e-13    2.517126820873342e-01    0.000000000000000e+00   -7.130292330356336e-15    2.517127002020434e-01   -1.811453981259703e-08
    2.764315143122253e-06    2.765729439839074e-03    2.162828662836794e-11    4.005772818536923e-11    2.515200418075000e-01    0.000000000000000e+00    6.410613622693754e-05    2.515842666795908e-01   -1.186741778735900e-07
    1.382146873540879e-05    1.382854016425900e-02    2.706393877487269e-09    5.021713429584652e-09    2.507543632667389e-01    0.000000000000000e+00    3.190930034576765e-04    2.510739147849144e-01   -4.507866104841440e-07
    3.869966314673512e-05    3.871946291763557e-02    5.955240586435458e-08    1.102926669146833e-07    2.490595853743328e-01    0.000000000000000e+00    8.844720222147264e-04    2.499449115225104e-01   -6.842808901452724e-07
    8.292656586705860e-05    8.296899329076779e-02    5.884416107978383e-07    1.086445151784003e-06    2.461374287982615e-01    0.000000000000000e+00    1.861530521445545e-03    2.480009525328382e-01   -3.183263684869431e-07
    1.520290955829839e-04    1.521068776879944e-01    3.649445191485285e-06    6.708089423092135e-06    2.417866294249224e-01    0.000000000000000e+00    3.318259500014605e-03    2.451149370118550e-01    3.094476965503912e-07
    2.515332082846378e-04    2.516618993246350e-01    1.667876579278295e-05    3.048063586179500e-05    2.359356971727628e-01    0.000000000000000e+00    5.272519543720016e-03    2.412551231460718e-01    2.529720656008205e-07
    3.869636834078483e-04    3.871616642597545e-01    6.144015984257718e-05    1.114813735004839e-04    2.286475290258067e-01    0.000000000000000e+00    7.677169719031912e-03    2.364981845745036e-01   -5.642963219476549e-07
    5.610795948808311e-04    5.613666580367414e-01    1.898804987593778e-04    3.414693880788334e-04    2.201905090186233e-01    0.000000000000000e+00    1.037259340738031e-02    2.310961140326536e-01   -1.661719811751894e-06
    7.738742043458258e-04    7.742701388503129e-01    5.055657551395094e-04    8.983351077241429e-04    2.108361210491109e-01    0.000000000000000e+00    1.312758969958229e-02    2.253707643240050e-01   -3.152712448190043e-06
    1.025339276563786e-03    1.025863867248057e+00    1.192416970455692e-03    2.081586259608840e-03    2.005356506652618e-01    0.000000000000000e+00    1.572262615700637e-02    2.195376601092719e-01   -5.380056939147115e-06
    1.315465079733014e-03    1.316138106449228e+00    2.546423626780847e-03    4.325165852697587e-03    1.888075747968053e-01    0.000000000000000e+00    1.797366328981220e-02    2.136614097464961e-01   -8.582180400174000e-06
    1.644240385865192e-03    1.645081622720975e+00    5.002557679455255e-03    8.148268808226783e-03    1.747310097352986e-01    0.000000000000000e+00    1.974928448832010e-02    2.076440537770156e-01   -1.293306571495401e-05
    2.011652471220593e-03    2.012681685813766e+00    9.142832186406737e-03    1.400327466175749e-02    1.571208447652212e-01    0.000000000000000e+00    2.097853858420669e-02    2.012639979025309e-01   -1.850770493871945e-05
    2.417687116800127e-03    2.418924069453697e+00    1.566682595468199e-02    2.201956428406497e-02    1.349146943600416e-01    0.000000000000000e+00    2.164877997095605e-02    1.942750574447691e-01   -2.519287502450451e-05
    2.862328608895792e-03    2.863793051893218e+00    2.530777238284564e-02    3.172357204472586e-02    1.076870544270513e-01    0.000000000000000e+00    2.179483408495334e-02    1.865457988535392e-01   -3.256591396305630e-05
    3.345559739698523e-03    3.347271416519292e+00    3.869024007420056e-02    4.188852756389716e-02    7.608187147653585e-02    0.000000000000000e+00    2.148251360054928e-02    1.781829837076566e-01   -3.983099247370503e-05
    3.867361807964542e-03    3.869340452520091e+00    5.614941143251453e-02    5.065651559842671e-02    4.192976785783281e-02    0.000000000000000e+00    2.079048446558480e-02    1.695720945885691e-01   -4.591523421029753e-05
    4.427714619738898e-03    4.429979955608904e+00    7.755841388276730e-02    5.595646127383905e-02    7.942401775712711e-03    0.000000000000000e+00    1.979451299915614e-02    1.613015541586183e-01   -4.976422714311757e-05
    5.026596489136725e-03    5.029168228805792e+00    1.022241967601651e-01    5.608202654646775e-02   -2.291717069125925e-02    0.000000000000000e+00    1.855719597026200e-02    1.539969887861663e-01   -5.074020053066897e-05
    5.663984239183018e-03    5.666882083277795e+00    1.289017569654277e-01    5.020068509216558e-02   -4.813879023438128e-02    0.000000000000000e+00    1.712461415337326e-02    1.481372497799472e-01   -4.898380336190722e-05
    6.339853202709356e-03    6.343096839236119e+00    1.559410558813793e-01    3.859676433027789e-02   -6.618531260531511e-02    0.000000000000000e+00    1.552939879572192e-02    1.439275184939437e-01   -4.561209187964321e-05
    7.054177223308256e-03    7.057786326890970e+00    1.815352668438550e-01    2.257747990585606e-02   -7.668293603982242e-02    0.000000000000000e+00    1.379800749904986e-02    1.412703349854340e-01   -4.251677649547148e-05
    7.806928656345802e-03    7.810922887464708e+00    2.040042287822626e-01    4.111483880478451e-03   -8.028816166457768e-02    0.000000000000000e+00    1.195908231651485e-02    1.398282116972471e-01   -4.157838256890756e-05
    8.598078370031459e-03    8.602477374262202e+00    2.220384936752118e-01   -1.464647691166928e-02   -7.834768180192636e-02    0.000000000000000e+00    1.004990430394436e-02    1.391379098069028e-01   -4.367054134224446e-05
    9.427595746545392e-03    9.432419153798731e+00    2.348485260926088e-01   -3.178723711278808e-02   -7.250013298052223e-02    0.000000000000000e+00    8.119013198949532e-03    1.387285158945220e-01   -4.834669627393207e-05
    1.029544868322330e-02    1.030071610698542e+01    2.421989547734658e-01   -4.593113278773646e-02   -6.433782016411027e-02    0.000000000000000e+00    6.224492650196708e-03    1.382086576749649e-01   -5.416320314910461e-05
    1.120160359379907e-02    1.120733463037254e+01    2.443428057404600e-01   -5.633176191630938e-02   -5.518967558497088e-02    0.000000000000000e+00    4.428746883003302e-03    1.373090746253015e-01   -5.895950311854414e-05
    1.214602540970411e-02    1.215223963744949e+01    2.418926751046900e-01   -6.282846577386041e-02   -4.603087649255132e-02    0.000000000000000e+00    2.791473174975824e-03    1.358851660741674e-01   -6.036006091336699e-05
    1.312867758142522e-02    1.313539456000337e+01    2.356708715589929e-01   -6.570798707874102e-02   -3.748794884038523e-02    0.000000000000000e+00    1.362739379977702e-03    1.338944446659553e-01   -5.676964611089907e-05
    1.414952207991849e-02    1.415676134953360e+01    2.265724322059671e-01   -6.553560794498771e-02   -2.989846140854424e-02    0.000000000000000e+00    1.777657703258039e-04    1.313643447357572e-01   -4.821611299624107e-05
    1.520851939808121e-02    1.521630047872461e+01    2.154605883883092e-01   -6.299938656784899e-02   -2.339027043171689e-02    0.000000000000000e+00   -7.457165356248661e-04    1.283614271321066e-01   -3.621227898811807e-05
    1.630562855228079e-02    1.631397094297549e+01    2.031002948590120e-01   -5.879109643597960e-02   -1.795580817837910e-02    0.000000000000000e+00   -1.407502871011232e-03    1.249683462945281e-01   -2.245892088602319e-05
    1.744080708394102e-02    1.744973026198709e+01    1.901257532126370e-01   -5.353076274837856e-02   -1.351054948315319e-02    0.000000000000000e+00   -1.822832853141615e-03    1.212694376655390e-01   -7.829537575401724e-06
    1.861401106118499e-02    1.862353448140579e+01    1.770333720033563e-01   -4.773027670785113e-02   -9.934474886546668e-03    0.000000000000000e+00   -2.018932943193840e-03    1.173427624559335e-01    6.925009831224016e-06
    1.982519508053548e-02    1.983533817452478e+01    1.641910282873094e-01   -4.178400047294186e-02   -7.098225621154907e-03    0.000000000000000e+00   -2.030969440463944e-03    1.132567912877169e-01    2.104146503176252e-05
    2.107431226867196e-02    2.108509444404186e+01    1.518557960194821e-01   -3.597500828481846e-02   -4.877960376831013e-03    0.000000000000000e+00   -1.897941701975000e-03    1.090700174153068e-01    3.486824055082272e-05
    2.236131428424448e-02    2.237275492387440e+01    1.401943648504189e-01   -3.049185072378419e-02   -3.161409454778529e-03    0.000000000000000e+00   -1.658909260754418e-03    1.048328520871933e-01    4.934332390843510e-05
    2.368615131974483e-02    2.369826978103134e+01    1.293028726691248e-01   -2.544879636787657e-02   -1.851080137001746e-03    0.000000000000000e+00   -1.350156572083188e-03    1.005886252462651e-01    6.421434589821973e-05
    2.504877210343381e-02    2.506158771754150e+01    1.192245120375609e-01   -2.090403813535214e-02   -8.659016285911123e-04    0.000000000000000e+00   -1.003048951186515e-03    9.637370026685194e-02    7.782305557922642e-05
    2.644912390132592e-02    2.646265597243926e+01    1.099643896504723e-01   -1.687424325260635e-02   -1.419131869871439e-04    0.000000000000000e+00   -6.429091778720731e-04    9.221797166437729e-02    8.735236862941753e-05
    2.788715251922946e-02    2.790142032380578e+01    1.015021860321837e-01   -1.334823828740517e-02    3.726319567899465e-04    0.000000000000000e+00   -2.903687605588403e-04    8.814658046848024e-02    8.963047252943945e-05
    2.936280230484456e-02    2.937782509086797e+01    9.380223659673242e-02   -1.029728107236503e-02    7.238956235378477e-04    0.000000000000000e+00    3.742275502435159e-05    8.418200719807525e-02    8.426670485436882e-05
    3.087601614991642e-02    3.089181313615294e+01    8.682025923162243e-02   -7.680263941158914e-03    9.482649181898773e-04    0.000000000000000e+00    3.278592180424013e-04    8.034299727586242e-02    7.312215083335460e-05
    3.242673549244579e-02    3.244332586769960e+01    8.050750699492659e-02   -5.453067775991288e-03    1.076305854844109e-03    0.000000000000000e+00    5.743675049483863e-04    7.664585833789316e-02    5.925424083465247e-05
    3.401490031895527e-02    3.403230324132603e+01    7.481320380184912e-02   -3.577361542556944e-03    1.136650499709404e-03    0.000000000000000e+00    7.756458311808894e-04    7.310353438820308e-02    4.460420197939519e-05
    3.564044916681175e-02    3.565868376295324e+01    6.968522994325350e-02   -2.019409371198285e-03    1.154232112104864e-03    0.000000000000000e+00    9.336657113446922e-04    6.972405109949001e-02    2.966729601475149e-05
    3.730331912660501e-02    3.732240449098487e+01    6.507071382334907e-02   -7.411813514454578e-04    1.141829080022185e-03    0.000000000000000e+00    1.052487650471078e-03    6.650957646001945e-02    1.427274237741916e-05
    3.900344584458260e-02    3.902340103874341e+01    6.091849390969154e-02    2.952253220211373e-04    1.108941729160153e-03    0.000000000000000e+00    1.135883144478019e-03    6.345972333214349e-02   -1.179226792658028e-06
    4.074076352514011e-02    4.076160757696167e+01    5.718119536797932e-02    1.124555277943634e-03    1.061392731052122e-03    0.000000000000000e+00    1.185983119393169e-03    6.057148928644749e-02   -1.836279007924602e-05
    4.251520493336736e-02    4.253695683633031e+01    5.381539166554235e-02    1.788000003299494e-03    9.977614229119015e-04    0.000000000000000e+00    1.204449302138486e-03    5.783909238523433e-02   -3.348999134210329e-05
    4.432670139765083e-02    4.434938011010160e+01    5.078119429795811e-02    2.321417077967375e-03    9.239640060201956e-04    0.000000000000000e+00    1.193037548612710e-03    5.525761168760828e-02   -3.799875704989242e-05
    4.617518281233113e-02    4.619880725674824e+01    4.804215883720866e-02    2.742567708164451e-03    8.504640812192198e-04    0.000000000000000e+00    1.155190499197736e-03    5.282204768287535e-02   -3.166655708526644e-05
    4.806057764041582e-02    4.808516670267758e+01    4.556486085779930e-02    3.064087158457080e-03    7.803492511486857e-04    0.000000000000000e+00    1.097400274468434e-03    5.052540849772127e-02   -1.871095584776022e-05
    4.998281291634821e-02    5.000838544500180e+01    4.331860802788233e-02    3.299782421857770e-03    7.118486424699000e-04    0.000000000000000e+00    1.026655358590469e-03    4.836130104404041e-02   -4.406593239948686e-06
    5.194181424883126e-02    5.196838905436334e+01    4.127682217458385e-02    3.463123289664495e-03    6.418206840932424e-04    0.000000000000000e+00    9.481482483036156e-04    4.632252834896641e-02    7.386047678789587e-06
    5.393750582370627e-02    5.396510167781492e+01    3.941737552891061e-02    3.566820408424615e-03    5.734643690052893e-04    0.000000000000000e+00    8.650423336059838e-04    4.440269444909998e-02    2.000819084652106e-05
    5.596981040688709e-02    5.599844604175545e+01    3.772051391919965e-02    3.618419510069369e-03    5.126715172759339e-04    0.000000000000000e+00    7.796818067823385e-04    4.259606548600597e-02    3.522126732131980e-05
    5.803864934734893e-02    5.806834345492015e+01    3.616732035519852e-02    3.623472432605186e-03    4.591514255609533e-04    0.000000000000000e+00    6.943956034603847e-04    4.089469813056766e-02    4.964168625739424e-05
    6.014394258017242e-02    6.017471381142636e+01    3.473981233558880e-02    3.587250279052507e-03    4.121087715202741e-04    0.000000000000000e+00    6.093240804986778e-04    3.929014831643393e-02    5.834715022632470e-05
    6.228560862964228e-02    6.231747559387363e+01    3.342157967427675e-02    3.518564278277079e-03    3.719954558253504e-04    0.000000000000000e+00    5.232694150106875e-04    3.777593140160889e-02    5.947742178096654e-05
    6.446356461239977e-02    6.449654587649793e+01    3.219886731910326e-02    3.424697962472306e-03    3.402445543400047e-04    0.000000000000000e+00    4.365262296497861e-04    3.634628007362357e-02    5.405599194179683e-05
    6.667772624065105e-02    6.671184032838154e+01    3.106133818471019e-02    3.310695128274951e-03    3.152121798469859e-04    0.000000000000000e+00    3.505426862965024e-04    3.499490166017526e-02    4.288651895335144e-05
    6.892800782542907e-02    6.896327321671669e+01    3.000051796604629e-02    3.182895887633637e-03    2.918422072092198e-04    0.000000000000000e+00    2.671706542443982e-04    3.371615027028406e-02    2.627644484949621e-05
    7.121432227990920e-02    7.125075741012280e+01    2.900734774053517e-02    3.049996183854932e-03    2.649949214858671e-04    0.000000000000000e+00    1.873672821032275e-04    3.250363455650108e-02    6.071571478132032e-06
    7.353658112278016e-02    7.357420438201923e+01    2.807362315463534e-02    2.923956085536571e-03    2.341027082507935e-04    0.000000000000000e+00    1.106319590718243e-04    3.135250736724806e-02   -1.019345975353247e-05
    7.589469448166786e-02    7.593352421405079e+01    2.719368490169680e-02    2.800949573933233e-03    2.078489344330398e-04    0.000000000000000e+00    3.634148300152543e-05    3.026168414788022e-02   -2.285925481562007e-05
    7.828857109661391e-02    7.832862559956811e+01    2.636262570660346e-02    2.678810084157698e-03    1.859597033298773e-04    0.000000000000000e+00   -3.575989782439926e-05    2.922682208834949e-02   -3.518649208286012e-05
    8.071811832360687e-02    8.075941584716060e+01    2.557616278729132e-02    2.565128712719550e-03    1.655225128045717e-04    0.000000000000000e+00   -1.041493761595825e-04    2.824326094027617e-02   -4.059630362030289e-05
    8.318324213816819e-02    8.322580088424431e+01    2.483083722538373e-02    2.451856354479776e-03    1.501244184614219e-04    0.000000000000000e+00   -1.661143975080260e-04    2.730876284400827e-02   -4.205924319136689e-05
    8.568384713899047e-02    8.572768526070200e+01    2.412312194211273e-02    2.329308401589375e-03    1.385767369775180e-04    0.000000000000000e+00   -2.215318539191944e-04    2.642006245207833e-02   -5.058722531789753e-05
    8.821983655163002e-02    8.826497215257763e+01    2.344985871601424e-02    2.206123140841027e-03    1.256584055853365e-04    0.000000000000000e+00   -2.722349515736977e-04    2.557267261778088e-02   -6.326730691396873e-05
    9.079111223225178e-02    9.083756336582316e+01    2.280812941860503e-02    2.093616530465791e-03    1.111133513577805e-04    0.000000000000000e+00   -3.181001653474125e-04    2.476270132149133e-02   -6.794218641014566e-05
    9.339757467142740e-02    9.344535934009856e+01    2.219574601210295e-02    1.990066061143871e-03    9.999072940499830e-05    0.000000000000000e+00   -3.568471098360296e-04    2.398993512102023e-02   -6.097942820444680e-05
    9.603912299798678e-02    9.608825915262541e+01    2.161169828812363e-02    1.888677034108787e-03    9.009472249475263e-05    0.000000000000000e+00   -3.883567822188683e-04    2.325288403943632e-02   -5.077077692801704e-05
    9.871565498292123e-02    9.876616052209194e+01    2.105311246113557e-02    1.781702763288197e-03    8.259731521835646e-05    0.000000000000000e+00   -4.143882794311152e-04    2.254921471895116e-02   -4.619045874015154e-05
    1.014270670433401e-01    1.014789598126118e+02    2.051632092925690e-02    1.668091105962353e-03    7.797494728790215e-05    0.000000000000000e+00   -4.356520901002600e-04    2.187636324860036e-02   -4.962835619345962e-05
    1.041732542464798e-01    1.042265520377349e+02    2.000089924313869e-02    1.558801223485338e-03    7.223251848786168e-05    0.000000000000000e+00   -4.522275573803574e-04    2.123193840366372e-02   -5.223297593217116e-05
    1.069541103137640e-01    1.070088308645100e+02    1.950753487279278e-02    1.459206067674364e-03    6.788719940088167e-05    0.000000000000000e+00   -4.646449735327997e-04    2.061549946553538e-02   -4.551629920014275e-05
    1.097695276249171e-01    1.098256886176003e+02    1.903453767632298e-02    1.365308721921167e-03    6.527901586565299e-05    0.000000000000000e+00   -4.749889096755614e-04    2.002610246589529e-02   -3.596596146105205e-05
    1.126193972221293e-01    1.126770162834501e+02    1.857901987143800e-02    1.278728050678426e-03    5.858761607986635e-05    0.000000000000000e+00   -4.854243192903311e-04    1.946072139773911e-02   -2.981017883315132e-05
    1.155036088142730e-01    1.155627035145041e+02    1.813946087199521e-02    1.198100059854020e-03    5.187965890075351e-05    0.000000000000000e+00   -4.972931010402610e-04    1.891928612747891e-02   -2.713863776919456e-05
    1.184220507811713e-01    1.184826386334774e+02    1.771478641366776e-02    1.119147218808492e-03    4.692592213650132e-05    0.000000000000000e+00   -5.105485010401808e-04    1.840023153084016e-02   -2.992047726760316e-05
    1.213746101779175e-01    1.214367086376778e+02    1.730386714030827e-02    1.048295964695067e-03    4.217160297986405e-05    0.000000000000000e+00   -5.223047851729426e-04    1.790100305116411e-02   -2.897312835384303e-05
    1.243611727392467e-01    1.244247992033793e+02    1.690695658422523e-02    9.839763043995404e-04    3.865638257042723e-05    0.000000000000000e+00   -5.294848575409588e-04    1.742110760621009e-02   -2.100319255585528e-05
    1.273816228839574e-01    1.274467946902459e+02    1.652458208851573e-02    9.135909180429540e-04    3.573598562324451e-05    0.000000000000000e+00   -5.309839352742770e-04    1.695959611152199e-02   -1.667105461434018e-05
    1.304358437193842e-01    1.305025781458070e+02    1.615485337722542e-02    8.388961629174238e-04    3.316881724595061e-05    0.000000000000000e+00   -5.269216452647757e-04    1.651547184954566e-02   -1.547513742163401e-05
    1.335237170459227e-01    1.335920313099839e+02    1.579599874019792e-02    7.697855055161663e-04    2.963562153960079e-05    0.000000000000000e+00   -5.186576051393794e-04    1.608841857268863e-02   -1.165631057432892e-05
    1.366451233616027e-01    1.367150346196663e+02    1.544810697211572e-02    7.073316678524347e-04    2.646450019253102e-05    0.000000000000000e+00   -5.082902985637481e-04    1.567855085602504e-02   -4.938014428107484e-06
    1.397999418667141e-01    1.398714672133395e+02    1.511017839595439e-02    6.479886376704682e-04    2.495524289580526e-05    0.000000000000000e+00   -4.977774415998612e-04    1.528468226092938e-02    6.625739914240675e-07
    1.429880504684807e-01    1.430612069357617e+02    1.478151038328092e-02    5.901595463002573e-04    2.405663014804733e-05    0.000000000000000e+00   -4.884260815668281e-04    1.490491467844652e-02    2.385799715875700e-06
    1.462093257857862e-01    1.462841303426913e+02    1.446249675249085e-02    5.330671586779603e-04    2.321859253652811e-05    0.000000000000000e+00   -4.798030666020441e-04    1.453788021615279e-02    1.099220950505353e-06
    1.494636431539486e-01    1.495401127056647e+02    1.415298597814760e-02    4.766868977754355e-04    2.285445078527551e-05    0.000000000000000e+00   -4.699997970179457e-04    1.418280199153994e-02   -2.744618495757051e-07
    1.527508766295448e-01    1.528290280168228e+02    1.385294851358493e-02    4.259933745865553e-04    2.212308639739567e-05    0.000000000000000e+00   -4.572114171283320e-04    1.383984958354376e-02    4.003973896792024e-06
    1.560708989952853e-01    1.561507489937883e+02    1.356134043822627e-02    3.837479773885943e-04    2.149861941274369e-05    0.000000000000000e+00   -4.424588408790588e-04    1.350952110349744e-02    1.460709065111317e-05
    1.594235817649364e-01    1.595051470845907e+02    1.327568907441377e-02    3.483747432276297e-04    2.068810096994283e-05    0.000000000000000e+00   -4.282236506216161e-04    1.319087770751620e-02    2.565056047352902e-05
    1.628087951882938e-01    1.628920924726419e+02    1.299601844165423e-02    3.195749576459631e-04    1.882856555142550e-05    0.000000000000000e+00   -4.151657225404719e-04    1.288285823924158e-02    3.639800306956022e-05
    1.662264082562032e-01    1.663114540817598e+02    1.272325862712884e-02    2.869247478890928e-04    1.787729639045913e-05    0.000000000000000e+00   -4.031001507020033e-04    1.258534994164623e-02    3.961057906015988e-05
    1.696762887056308e-01    1.697630995812416e+02    1.245736627795485e-02    2.436544949356184e-04    1.541654837444702e-05    0.000000000000000e+00   -3.910110631154751e-04    1.229708153956676e-02    2.834471858268253e-05
    1.731583030247817e-01    1.732468953909841e+02    1.219899023453825e-02    1.984343044533286e-04    1.249158065450051e-05    0.000000000000000e+00   -3.789159917695686e-04    1.201805474621284e-02    1.294538166366800e-05
    1.766723164582674e-01    1.767627066866542e+02    1.194801375029618e-02    1.606649392398785e-04    1.103955583061073e-05    0.000000000000000e+00   -3.684769079629813e-04    1.174826432174208e-02    2.977015661617330e-06
    1.802181930123201e-01    1.803103974049064e+02    1.170442397088797e-02    1.354306258098110e-04    1.083322775850815e-05    0.000000000000000e+00   -3.603663421011048e-04    1.148718385218787e-02    3.137630167309238e-06
    1.837957954600563e-01    1.838898302486481e+02    1.146852157034807e-02    1.186078609014908e-04    1.091806166297963e-05    0.000000000000000e+00   -3.534498448356177e-04    1.123480601955479e-02    9.791628522130488e-06
    1.874049853467872e-01    1.875008666923534e+02    1.124049623005520e-02    1.018830691957557e-04    9.440740602795817e-06    0.000000000000000e+00   -3.456626144871110e-04    1.099060710485255e-02    1.555032051409229e-05
    1.910456229953772e-01    1.911433669874244e+02    1.102080394548426e-02    8.265846234659824e-05    7.789608580548873e-06    0.000000000000000e+00   -3.359454457612584e-04    1.075451158235701e-02    2.079498829313763e-05
    1.947175675116495e-01    1.948171901675989e+02    1.080849102561162e-02    6.569954883370309e-05    7.225955056134968e-06    0.000000000000000e+00   -3.252637563819188e-04    1.052670330115503e-02    2.944947196450304e-05
    1.984206767898382e-01    1.985221940544060e+02    1.060144023876035e-02    5.252221304454701e-05    6.437749683806766e-06    0.000000000000000e+00   -3.153146064898704e-04    1.030569934262967e-02    3.938625236916092e-05
    2.021548075180888e-01    2.022582352626691e+02    1.039819553225755e-02    3.454233567893591e-05    7.954921751494082e-06    0.000000000000000e+00   -3.068212335535998e-04    1.009130096223039e-02    4.257059390399588e-05
    2.059198151840036e-01    2.060251692060541e+02    1.019864917183643e-02    1.100485915314342e-05    9.067710156451238e-06    0.000000000000000e+00   -2.984344720339207e-04    9.883052297713302e-03    3.723497139879878e-05
    2.097155540802345e-01    2.098228501026651e+02    1.000266414166142e-02   -1.259813970085388e-05    8.267032470399090e-06    0.000000000000000e+00   -2.888209180302439e-04    9.680369677693031e-03    2.914243870768586e-05
    2.135418773101226e-01    2.136511309806872e+02    9.808539797589035e-03   -3.469634100024194e-05    6.795672222690786e-06    0.000000000000000e+00   -2.783424214242567e-04    9.483420180458732e-03    1.887652692849316e-05
    2.173986367933823e-01    2.175098636840728e+02    9.615287711517873e-03   -4.795476248676426e-05    5.340504254013173e-06    0.000000000000000e+00   -2.687216989105106e-04    9.291971291801761e-03    1.198046257284979e-05
    2.212856832718328e-01    2.213988988782768e+02    9.424614852398573e-03   -5.214439198262578e-05    4.952681559606109e-06    0.000000000000000e+00   -2.611077271944846e-04    9.105588013892250e-03    1.072740088882244e-05
    2.252028663151737e-01    2.253180860560345e+02    9.237810252958029e-03   -5.537549718823830e-05    5.052600824084663e-06    0.000000000000000e+00   -2.540593234870140e-04    8.924573375120164e-03    8.854657986693756e-06
    2.291500343268075e-01    2.292672735431877e+02    9.054851938418998e-03   -5.829314534947695e-05    4.700922510675952e-06    0.000000000000000e+00   -2.469674259958838e-04    8.748381422426933e-03    5.910867157380220e-06
    2.331270345497056e-01    2.332463085045534e+02    8.876271888196381e-03   -6.545633204310974e-05    6.120053155713482e-06    0.000000000000000e+00   -2.402677252282242e-04    8.577081352862573e-03   -4.134687818079658e-07
    2.371337130723211e-01    2.372550369498392e+02    8.702637130076468e-03   -7.729270717141162e-05    7.124395979897491e-06    0.000000000000000e+00   -2.348320292665122e-04    8.410255839729059e-03   -1.261905011061895e-05
    2.411699148345444e-01    2.412933037396029e+02    8.534002442441518e-03   -8.480407732886869e-05    6.161535040162198e-06    0.000000000000000e+00   -2.307227897875705e-04    8.248139146473694e-03   -2.350203610845640e-05
    2.452354836337044e-01    2.453609525912558e+02    8.369791862741106e-03   -8.511898016494237e-05    5.558081898833056e-06    0.000000000000000e+00   -2.269536486200430e-04    8.090783925890544e-03   -2.750661003559501e-05
    2.493302621306134e-01    2.494578260851113e+02    8.208654711834530e-03   -8.053631425470507e-05    6.360133302852178e-06    0.000000000000000e+00   -2.228175839801688e-04    7.937849088130666e-03   -2.618814122816102e-05
    2.534540918556565e-01    2.535837656704775e+02    8.050214579021282e-03   -7.352394450762471e-05    6.322365708866513e-06    0.000000000000000e+00   -2.183889967341655e-04    7.789024704393728e-03   -2.440070090536928e-05
    2.576068132149244e-01    2.577386116717925e+02    7.895640461145359e-03   -6.443039511787470e-05    5.458407571031616e-06    0.000000000000000e+00   -2.139461829167457e-04    7.643653528018665e-03   -2.093123733689414e-05
    2.617882654963896e-01    2.619222032948041e+02    7.744570407259730e-03   -5.475327736252980e-05    4.739622738509002e-06    0.000000000000000e+00   -2.088831594024396e-04    7.501484297261321e-03   -1.581070402805178e-05
    2.659982868761259e-01    2.661343786327930e+02    7.595798834681076e-03   -4.344534811973546e-05    2.673489632225963e-06    0.000000000000000e+00   -2.028511265984022e-04    7.362575466073796e-03   -1.039961647863238e-05
    2.702367144245715e-01    2.703749746728381e+02    7.450380695708684e-03   -3.238051349988194e-05    1.063990323016931e-06    0.000000000000000e+00   -1.964259674947129e-04    7.227290434184483e-03   -4.652229147378978e-06
    2.745033841128339e-01    2.746438273021254e+02    7.309664636057102e-03   -2.561888295527677e-05    3.785583207496266e-07    0.000000000000000e+00   -1.909700674496433e-04    7.095400744970359e-03   -1.946500997424168e-06
    2.787981308190384e-01    2.789407713142996e+02    7.174250169418132e-03   -1.925653466961057e-05    1.028353027964964e-07    0.000000000000000e+00   -1.871447840696434e-04    6.966980578118088e-03    9.711078635885051e-07
    2.831207883347180e-01    2.832656404158570e+02    7.043806665355149e-03   -1.442022250820895e-05    3.864865956132768e-07    0.000000000000000e+00   -1.852702987175785e-04    6.841659605722916e-03    2.843025002059220e-06
    2.874711893712457e-01    2.876182672325814e+02    6.916777267181694e-03   -1.430626536591612e-05    1.124601928281124e-06    0.000000000000000e+00   -1.848411072074114e-04    6.719142659220370e-03   -3.881626837246022e-07
    2.918491655663092e-01    2.919984833160217e+02    6.792542659626412e-03   -1.965654791034423e-05    2.806284606424347e-06    0.000000000000000e+00   -1.841232828410856e-04    6.600066563586410e-03   -8.497450105006757e-06
    2.962545474904260e-01    2.964061191500110e+02    6.671115297121539e-03   -2.610494391329316e-05    3.911351597563069e-06    0.000000000000000e+00   -1.812426239982502e-04    6.483753576047271e-03   -1.607449523971603e-05
    3.006871646535006e-01    3.008410041572264e+02    6.553214442895903e-03   -3.046274979555038e-05    5.189640688075465e-06    0.000000000000000e+00   -1.759562660692015e-04    6.370096385932946e-03   -1.811131821371961e-05
    3.051468455114226e-01    3.053029667057910e+02    6.439228672423404e-03   -3.511420337764817e-05    5.733430785542673e-06    0.000000000000000e+00   -1.694764404633797e-04    6.259223986391241e-03   -1.885252702332058e-05
    3.096334174727051e-01    3.097918341159157e+02    6.327427722246749e-03   -4.115963292721252e-05    5.629818156030234e-06    0.000000000000000e+00   -1.617915919261639e-04    6.150688636998582e-03   -2.058232144917793e-05
    3.141467069051650e-01    3.143074326665824e+02    6.216159017210295e-03   -4.530308084452656e-05    5.961785897543701e-06    0.000000000000000e+00   -1.535792306955784e-04    6.044226745578640e-03   -2.098825401090389e-05
    3.186865391426417e-01    3.188495876022668e+02    6.105035220968291e-03   -3.975448383299303e-05    4.978182703289965e-06    0.000000000000000e+00   -1.464855711532680e-04    5.939404110400801e-03   -1.563076171547974e-05
    3.232527384917572e-01    3.234181231397014e+02    5.995809369404602e-03   -2.615952671546980e-05    3.540058105757519e-06    0.000000000000000e+00   -1.407941336779390e-04    5.836550834558757e-03   -4.155067441806090e-06
    3.278451282387153e-01    3.280128624746786e+02    5.889836855137079e-03   -1.493351444181895e-05    3.651017305347663e-06    0.000000000000000e+00   -1.358780790661262e-04    5.736276288588566e-03    6.399990345915332e-06
    3.324635306561408e-01    3.326336277888933e+02    5.786064385713327e-03   -1.015436173503972e-05    3.139035969592903e-06    0.000000000000000e+00   -1.316623750779193e-04    5.638075704520299e-03    9.310980349661914e-06
    3.371077670099574e-01    3.372802402568240e+02    5.683495764803302e-03   -5.660494882208025e-06    1.490961026361910e-06    0.000000000000000e+00   -1.290786740043701e-04    5.541825637918418e-03    8.421919024668642e-06
    3.417776575663045e-01    3.419525200526535e+02    5.581859394983189e-03    1.345543160660009e-06    1.953869877054423e-06    0.000000000000000e+00   -1.279073992214588e-04    5.448511377705395e-03    8.740031094049347e-06
    3.464730215984939e-01    3.466502863572291e+02    5.481509478682460e-03    7.083479356569907e-06    2.481196220352446e-06    0.000000000000000e+00   -1.262530704065308e-04    5.357525509798384e-03    7.295574054468935e-06
    3.511936773940029e-01    3.513733573650591e+02    5.382602947084585e-03    1.031721265835838e-05    1.907168803603914e-06    0.000000000000000e+00   -1.235506957421605e-04    5.268221344448678e-03    3.055288355710041e-06
    3.559394422615072e-01    3.561215502913495e+02    5.285128146323901e-03    1.502549976268197e-05    1.942089465388198e-06    0.000000000000000e+00   -1.218316255873153e-04    5.180748658340795e-03   -4.845483761390171e-07
    3.607101325379513e-01    3.608946813790780e+02    5.190086281628149e-03    2.446633390702748e-05    1.691061730511597e-06    0.000000000000000e+00   -1.229188072399028e-04    5.094693632881541e-03   -1.368762855756718e-06
    3.655055635956559e-01    3.656925659061049e+02    5.098368205073943e-03    4.097827939195804e-05    9.040362487106486e-07    0.000000000000000e+00   -1.265900911745443e-04    5.009839530083411e-03    3.820899456655723e-06
    3.703255498494633e-01    3.705150181923221e+02    5.008532684086932e-03    5.808151677968384e-05    1.579665962603500e-06    0.000000000000000e+00   -1.322313333551587e-04    4.926410677444316e-03    9.551856029744489e-06
    3.751699047639196e-01    3.753618516068394e+02    4.919003108388204e-03    6.836977057603721e-05    3.260513821913938e-06    0.000000000000000e+00   -1.385606136403812e-04    4.844345042251267e-03    7.727736894506260e-06
    3.800384408604939e-01    3.802328785752067e+02    4.830279053320608e-03    7.499592084611285e-05    4.506279374455284e-06    0.000000000000000e+00   -1.433127104012001e-04    4.764047140377588e-03    2.421402762386657e-06
    3.849309697248332e-01    3.851279105866734e+02    4.743291180174834e-03    8.471899004622249e-05    3.211512410967825e-06    0.000000000000000e+00   -1.452582380756233e-04    4.685095654267488e-03    8.677902889131853e-07
    3.898473020140548e-01    3.900467582014840e+02    4.657371612771305e-03    9.483711320819197e-05    2.320513801079628e-06    0.000000000000000e+00   -1.450153543882415e-04    4.607794911564104e-03    1.718973828231107e-06
    3.947872474640737e-01    3.949892310582092e+02    4.571506440520050e-03    1.019212907189128e-04    1.866747700036954e-06    0.000000000000000e+00   -1.444836279892264e-04    4.532134466222308e-03   -1.323615272536167e-06
    3.997506148969654e-01    3.999551378811130e+02    4.487154707700876e-03    1.131176593903270e-04    7.940188286924256e-07    0.000000000000000e+00   -1.449287000874984e-04    4.457879692787285e-03   -1.742006954886209e-06
    4.047372122283656e-01    4.049442864875555e+02    4.405323713127357e-03    1.277598939687819e-04    1.015240653051578e-06    0.000000000000000e+00   -1.468009353181147e-04    4.385110121845764e-03    2.187790585311475e-06
    4.097468464749029e-01    4.099564837954301e+02    4.324736988765564e-03    1.419328803364834e-04    2.749785182020603e-06    0.000000000000000e+00   -1.503692078725849e-04    4.313458660433693e-03    5.591785977790767e-06
    4.147793237616680e-01    4.149915358306359e+02    4.245079395396105e-03    1.559487135238826e-04    3.719986459821728e-06    0.000000000000000e+00   -1.546182235314859e-04    4.242513921151236e-03    7.615950697088640e-06
    4.198344493297166e-01    4.200492477345846e+02    4.167440315676117e-03    1.686747094844377e-04    3.895985061542074e-06    0.000000000000000e+00   -1.589641246098461e-04    4.172611497492502e-03    8.435388119749226e-06
    4.249120275436065e-01    4.251294237717419e+02    4.092075825442655e-03    1.788071827973662e-04    3.572535993506763e-06    0.000000000000000e+00   -1.627536659704010e-04    4.103968435316218e-03    7.733442946905936e-06
    4.300118618989687e-01    4.302318673372020e+02    4.018383273520012e-03    1.899237710480453e-04    2.034285322688875e-06    0.000000000000000e+00   -1.653201355878015e-04    4.036708639842148e-03    8.312554460797490e-06
    4.351337550301125e-01    4.353563809642966e+02    3.946075992043063e-03    2.028005674480330e-04    1.126971795561570e-06    0.000000000000000e+00   -1.669434007322840e-04    3.970914547599297e-03    1.214558295507470e-05
    4.402775087176636e-01    4.405027663322372e+02    3.875305914177144e-03    2.153174332550398e-04    6.103507152034784e-07    0.000000000000000e+00   -1.674963546953926e-04    3.905969145276229e-03    1.776819817576446e-05
    4.454429238962351e-01    4.456708242737897e+02    3.805998950607013e-03    2.258411827341114e-04    6.345043456024581e-07    0.000000000000000e+00   -1.672680528624309e-04    3.841793306539981e-03    2.341327828431173e-05
    4.506298006621312e-01    4.508603547829823e+02    3.737238558604284e-03    2.327140743466509e-04    8.740383081013277e-07    0.000000000000000e+00   -1.662122532336177e-04    3.778541832878838e-03    2.607258514657988e-05
    4.558379382810842e-01    4.560711570228464e+02    3.668172443777141e-03    2.370536812798952e-04    1.070236450398884e-06    0.000000000000000e+00   -1.646753183544534e-04    3.716319861885033e-03    2.530118126794568e-05
    4.610671351960224e-01    4.613030293331883e+02    3.598961572618330e-03    2.396134561799923e-04    1.218456006248629e-06    0.000000000000000e+00   -1.637609096269674e-04    3.655057246285125e-03    2.097532889247869e-05
    4.663171890348708e-01    4.665557692383943e+02    3.530233442641949e-03    2.390017071697045e-04    1.775160612280193e-06    0.000000000000000e+00   -1.627902954453144e-04    3.595135479065724e-03    1.308453591289307e-05
    4.715878966183829e-01    4.718291734552656e+02    3.461548831597872e-03    2.353967045084988e-04    3.051217075320576e-06    0.000000000000000e+00   -1.603959096603730e-04    3.536470035101494e-03    3.130808419824199e-06
    4.768790539680035e-01    4.771230379008866e+02    3.392448000390264e-03    2.338860829625281e-04    3.861244645100454e-06    0.000000000000000e+00   -1.568526271549054e-04    3.478703718044177e-03   -5.361017201191160e-06
    4.821904563137631e-01    4.824371577005220e+02    3.323367001240872e-03    2.353650050462668e-04    4.409017399677724e-06    0.000000000000000e+00   -1.527052858180523e-04    3.421812642339252e-03   -1.137690447048723e-05
    4.875218981022029e-01    4.877713271955462e+02    3.254343944097673e-03    2.381866115397001e-04    4.247950806973300e-06    0.000000000000000e+00   -1.482378535896099e-04    3.365459851178458e-03   -1.691919832372008e-05
    4.928731730043289e-01    4.931253399514019e+02    3.186401379542555e-03    2.437178256852469e-04    3.210332612782518e-06    0.000000000000000e+00   -1.443291228636128e-04    3.309687430739332e-03   -2.068701576235944e-05
    4.982440739235977e-01    4.984989887655898e+02    3.120820591957773e-03    2.536342469444084e-04    2.032610306987071e-06    0.000000000000000e+00   -1.421725483155551e-04    3.254906231611147e-03   -2.059133071753098e-05
    5.036343930039309e-01    5.038920656756867e+02    3.057267751669234e-03    2.655110476450338e-04    2.063017113108702e-06    0.000000000000000e+00   -1.420027002188447e-04    3.201453451908821e-03   -1.861433570028931e-05
    5.090439216377594e-01    5.093043619673944e+02    2.995433542738209e-03    2.777415725874183e-04    2.646310589882406e-06    0.000000000000000e+00   -1.432064566409144e-04    3.148830605898830e-03   -1.621563662423378e-05
    5.144724504740960e-01    5.147356681826161e+02    2.934982763968954e-03    2.886316377358285e-04    2.941228831898146e-06    0.000000000000000e+00   -1.449584712696457e-04    3.096642223371459e-03   -1.504506410442445e-05
    5.199197694266384e-01    5.201857741275639e+02    2.875294014552757e-03    2.989934577643188e-04    1.978300132646245e-06    0.000000000000000e+00   -1.460735740706177e-04    3.045026031313660e-03   -1.483383293455522e-05
    5.253856676818986e-01    5.256544688808921e+02    2.816346691395383e-03    3.133261313545514e-04    1.938796483818966e-07    0.000000000000000e+00   -1.460115756418606e-04    2.994173394140550e-03   -1.031826738409495e-05
    5.308699337073626e-01    5.311415408018609e+02    2.757923134062630e-03    3.282372801931026e-04   -4.262311356397244e-10    0.000000000000000e+00   -1.451392278873388e-04    2.944234368314095e-03   -3.213608176837624e-06
    5.363723552596753e-01    5.366467775385260e+02    2.699623166537781e-03    3.432553428800640e-04    2.621945716952114e-07    0.000000000000000e+00   -1.437945207829320e-04    2.894851113832125e-03    4.495069374483782e-06
    5.418927193928555e-01    5.421699660359574e+02    2.641144631824165e-03    3.590976003702448e-04    1.044122637602343e-06    0.000000000000000e+00   -1.427558684262580e-04    2.846182978929682e-03    1.234750747607398e-05
    5.474308124665372e-01    5.477108925444850e+02    2.582606536369153e-03    3.736748169148501e-04    1.341579337438802e-06    0.000000000000000e+00   -1.430399428341010e-04    2.798137083456191e-03    1.644590633115067e-05
    5.529864201542367e-01    5.532693426279700e+02    2.524656444678234e-03    3.880191544781305e-04    6.943566141769806e-07    0.000000000000000e+00   -1.448505558661413e-04    2.750562628628775e-03    1.795677127562449e-05
    5.585593274516474e-01    5.588451011721039e+02    2.467478512958600e-03    4.013670563578785e-04    8.968064602587926e-07    0.000000000000000e+00   -1.478687545420231e-04    2.703811945924368e-03    1.806167531034518e-05
    5.641493186849607e-01    5.644379523927338e+02    2.411028317288584e-03    4.129002183827771e-04    1.469854917006159e-06    0.000000000000000e+00   -1.514115589498834e-04    2.658033132081686e-03    1.595369955679918e-05
    5.697561775192130e-01    5.700476798442133e+02    2.355504709101417e-03    4.233539423258755e-04    1.755025064190316e-06    0.000000000000000e+00   -1.544800998911590e-04    2.613047561770127e-03    1.308601483019766e-05
    5.753796869666574e-01    5.756740664277788e+02    2.300885492170499e-03    4.332098331541029e-04    2.464241459758391e-06    0.000000000000000e+00   -1.568201449857135e-04    2.569003594990981e-03    1.073582680766530e-05
    5.810196293951613e-01    5.813168943999515e+02    2.247265354520241e-03    4.421635077766804e-04    3.116589178461643e-06    0.000000000000000e+00   -1.584269842618693e-04    2.525844964490266e-03    8.273502723247627e-06
    5.866757865366288e-01    5.869759453809636e+02    2.194845006249575e-03    4.517516925032187e-04    2.614839611202241e-06    0.000000000000000e+00   -1.589674983235614e-04    2.483241775106391e-03    7.002264934043764e-06
    5.923479394954485e-01    5.926510003632111e+02    2.142679647060369e-03    4.656164047389182e-04    2.039987385731843e-06    0.000000000000000e+00   -1.595932553836609e-04    2.441363525302110e-03    9.379258499247946e-06
    5.980358687569639e-01    5.983418397197278e+02    2.090147443262436e-03    4.845342599343074e-04    1.787119215721780e-06    0.000000000000000e+00   -1.611217409435337e-04    2.400201652859999e-03    1.514542860893203e-05
    6.037393541959690e-01    6.040482432126860e+02    2.038008100921598e-03    5.028766596886530e-04    2.262728685825134e-06    0.000000000000000e+00   -1.626739857588301e-04    2.359659710165227e-03    2.081379337201929e-05
    6.094581750852277e-01    6.097699900019195e+02    1.986436611246976e-03    5.152748098821023e-04    2.390124261532152e-06    0.000000000000000e+00   -1.637069759261621e-04    2.319658021048417e-03    2.073654841603040e-05
    6.151921101040150e-01    6.155068586534699e+02    1.935407220328168e-03    5.238798511797168e-04    2.059489858188924e-06    0.000000000000000e+00   -1.645990193588527e-04    2.280457710075081e-03    1.628983193213956e-05
    6.209409373466837e-01    6.212586271481572e+02    1.885214167074952e-03    5.340819537966656e-04    2.056940618143544e-06    0.000000000000000e+00   -1.656883794346091e-04    2.242013585861714e-03    1.365109619343770e-05
    6.267044343312507e-01    6.270250728901707e+02    1.835535647946063e-03    5.453982704787657e-04    2.788560039582761e-06    0.000000000000000e+00   -1.662124198101650e-04    2.204229789304227e-03    1.328026935001978e-05
    6.324823780080080e-01    6.328059727156842e+02    1.786027046876452e-03    5.562729195667967e-04    3.709349444785246e-06    0.000000000000000e+00   -1.661111533042742e-04    2.167090348917790e-03    1.280781366597063e-05
    6.382745447681553e-01    6.386011029014932e+02    1.736738858753742e-03    5.668649358488485e-04    4.202432011771641e-06    0.000000000000000e+00   -1.661569021077864e-04    2.130437578671750e-03    1.121174583482631e-05
    6.440807104524520e-01    6.444102391736714e+02    1.687867161064801e-03    5.757990279878121e-04    3.851821759413466e-06    0.000000000000000e+00   -1.661565718314638e-04    2.094042450238200e-03    7.318988742362371e-06
    6.499006503598943e-01    6.502331567162519e+02    1.639433629491747e-03    5.834644958634069e-04    3.887378532903999e-06    0.000000000000000e+00   -1.655108759699000e-04    2.058239470902640e-03    3.035157015517966e-06
    6.557341392564099e-01    6.560696301799267e+02    1.591641473686931e-03    5.912590732986214e-04    3.650795127766336e-06    0.000000000000000e+00   -1.639604420689283e-04    2.023057603266151e-03   -4.667032217600849e-07
    6.615809513835750e-01    6.619194336907681e+02    1.544748402870324e-03    5.985052538575947e-04    3.524301250542039e-06    0.000000000000000e+00   -1.614198738180145e-04    1.988646245660129e-03   -3.288161499682279e-06
    6.674408604673514e-01    6.677823408589701e+02    1.497965984728478e-03    6.042593950048245e-04    4.241416939328056e-06    0.000000000000000e+00   -1.582910888616606e-04    1.955065355156933e-03   -6.889647345962148e-06
    6.733136397268433e-01    6.736581247876098e+02    1.450903160211903e-03    6.121694763857894e-04    4.272675587278979e-06    0.000000000000000e+00   -1.557432507048123e-04    1.922051084265614e-03   -1.044902278545391e-05
    6.791990618830738e-01    6.795465580814283e+02    1.404368148172828e-03    6.242746569306379e-04    4.148981587524106e-06    0.000000000000000e+00   -1.551610371688046e-04    1.889734354166109e-03   -1.210360464392463e-05
    6.850968991677804e-01    6.854474128556309e+02    1.358634761956774e-03    6.397014532815691e-04    4.255579038227350e-06    0.000000000000000e+00   -1.570077801494801e-04    1.858112352389874e-03   -1.252833826278252e-05
    6.910069233322305e-01    6.913604607447070e+02    1.313310167697012e-03    6.575160587372986e-04    4.107511356674856e-06    0.000000000000000e+00   -1.603801068739574e-04    1.827031705492163e-03   -1.247807457513427e-05
    6.969289056560539e-01    6.972854729112669e+02    1.268161684460889e-03    6.769206234589097e-04    4.473529879340133e-06    0.000000000000000e+00   -1.637813966252805e-04    1.796597056170410e-03   -1.082261499655277e-05
    7.028626169560948e-01    7.032222200548985e+02    1.223272500606601e-03    6.951718789577821e-04    5.288295963788779e-06    0.000000000000000e+00   -1.664773367259914e-04    1.766729088207247e-03   -9.473749405066508e-06
    7.088078275952812e-01    7.091704724210417e+02    1.178901685319960e-03    7.112310989753333e-04    5.265851080710057e-06    0.000000000000000e+00   -1.684379784888807e-04    1.737084645156073e-03   -1.012398826894943e-05
    7.147643074915118e-01    7.151299998098789e+02    1.135399490749217e-03    7.276327445833040e-04    4.706769198004884e-06    0.000000000000000e+00   -1.699719315264466e-04    1.707873787728134e-03   -1.010671472405486e-05
    7.207318261265605e-01    7.211005715852449e+02    1.093114510597136e-03    7.459850003790978e-04    4.481940905891401e-06    0.000000000000000e+00   -1.717759365804352e-04    1.679412467874001e-03   -7.606952572311240e-06
    7.267101525549977e-01    7.270819566835522e+02    1.051741300564409e-03    7.664337797506918e-04    4.728266418422446e-06    0.000000000000000e+00   -1.736475543523986e-04    1.651507346216863e-03   -2.251553835739195e-06
    7.326990554131275e-01    7.330739236227332e+02    1.010788491976781e-03    7.858261528855969e-04    5.258947774419085e-06    0.000000000000000e+00   -1.747249330440692e-04    1.624314884326863e-03    2.833775265865439e-06
    7.386983029279417e-01    7.390762405111985e+02    9.705038812193183e-04    8.014516195286629e-04    5.596381076762208e-06    0.000000000000000e+00   -1.748087657828635e-04    1.597782446035217e-03    4.960670006662164e-06
    7.447076629260898e-01    7.450886750568116e+02    9.308804676453017e-04    8.148974719420992e-04    5.829931264001723e-06    0.000000000000000e+00   -1.744992461594327e-04    1.571717623594122e-03    5.391001097847714e-06
    7.507269028428641e-01    7.511109945758784e+02    8.916283199552083e-04    8.263428955086667e-04    6.613279749423311e-06    0.000000000000000e+00   -1.743539480739597e-04    1.546333130770442e-03    3.897416368896277e-06
    7.567557897311997e-01    7.571429660021523e+02    8.530260286190699e-04    8.363122770003132e-04    7.292574981329636e-06    0.000000000000000e+00   -1.742314368648240e-04    1.521676548389836e-03    7.228953460525992e-07
    7.627940902706903e-01    7.631843558958540e+02    8.153879978997451e-04    8.476596135601714e-04    7.305195337112444e-06    0.000000000000000e+00   -1.735442118237729e-04    1.497795046946599e-03   -9.864519733419116e-07
    7.688415707766171e-01    7.692349304527054e+02    7.786338404607534e-04    8.600891720042045e-04    7.319392546063052e-06    0.000000000000000e+00   -1.724013842310774e-04    1.474599585583092e-03   -9.585648031492505e-07
    7.748979972089929e-01    7.752944555129783e+02    7.424625553677834e-04    8.722717571317776e-04    7.184165738577890e-06    0.000000000000000e+00   -1.717275551620275e-04    1.451886495607554e-03   -1.695572531442520e-06
    7.809631351816195e-01    7.813626965705564e+02    7.068672800032858e-04    8.847048756466232e-04    6.768586930006035e-06    0.000000000000000e+00   -1.718103890876668e-04    1.429668400246008e-03   -3.138046753760337e-06
    7.870367499711586e-01    7.874394187820106e+02    6.721840488682422e-04    8.995949676049678e-04    6.627561284102808e-06    0.000000000000000e+00   -1.719942633012755e-04    1.408079651075165e-03   -1.667336619127656e-06
    7.931186065262155e-01    7.935243869756878e+02    6.382723425178479e-04    9.165074603466579e-04    6.980654997572823e-06    0.000000000000000e+00   -1.715789382830199e-04    1.386996260354966e-03    3.185259224091795e-06
    7.992084694764355e-01    7.996173656608116e+02    6.047200192839399e-04    9.313825294344747e-04    7.554194958431342e-06    0.000000000000000e+00   -1.707178630856503e-04    1.366365713742854e-03    6.573166848341735e-06
    8.053061031416138e-01    8.057181190365968e+02    5.716695328175639e-04    9.439562291535831e-04    7.207018846009912e-06    0.000000000000000e+00   -1.700248490314185e-04    1.346190137863915e-03    6.617793921823894e-06
    8.114112715408150e-01    8.118264110013743e+02    5.394028472073592e-04    9.563165836682834e-04    6.957166280356923e-06    0.000000000000000e+00   -1.698810739206891e-04    1.326766997945605e-03    6.028525289705549e-06
    8.175237384015068e-01    8.179420051617280e+02    5.078555587100988e-04    9.690697393879202e-04    7.258147533175488e-06    0.000000000000000e+00   -1.701720725229398e-04    1.308073419417745e-03    5.937953690509073e-06
    8.236432671687034e-01    8.240646648416447e+02    4.769421451706818e-04    9.816232119130919e-04    7.753808854253841e-06    0.000000000000000e+00   -1.701749180570627e-04    1.290030695867064e-03    6.113552013901251e-06
    8.297696210141201e-01    8.301941530916720e+02    4.466562134598504e-04    9.938879425030009e-04    8.210033569654753e-06    0.000000000000000e+00   -1.692366078949815e-04    1.272474269911854e-03    7.043311725670430e-06
    8.359025628453391e-01    8.363302326980893e+02    4.170297291275323e-04    1.006365675387727e-03    8.456108506471503e-06    0.000000000000000e+00   -1.672462812716487e-04    1.255330335604148e-03    9.274896145934457e-06
    8.420418553149849e-01    8.424726661920878e+02    3.881967935093004e-04    1.016839288301169e-03    8.816111303401957e-06    0.000000000000000e+00   -1.646644611858725e-04    1.238820523031076e-03    1.036720889692217e-05
    8.481872608299091e-01    8.486212158589605e+02    3.602277874857536e-04    1.025878490613454e-03    9.026468674539969e-06    0.000000000000000e+00   -1.622677911546856e-04    1.222996305461144e-03    9.868650157918721e-06
    8.543385415603867e-01    8.547756437473021e+02    3.330496525409352e-04    1.035452829041608e-03    9.166607652985697e-06    0.000000000000000e+00   -1.606697436957157e-04    1.207776926917955e-03    9.222418621858018e-06
    8.604954594493189e-01    8.609357116782177e+02    3.066169197156342e-04    1.043896149143100e-03    9.706666488737989e-06    0.000000000000000e+00   -1.598256566030815e-04    1.193210420968998e-03    7.183657775393414e-06
    8.666577762214468e-01    8.671011812545403e+02    2.810416860227213e-04    1.051209354307360e-03    1.007214864053037e-05    0.000000000000000e+00   -1.590060051468972e-04    1.179209080442996e-03    4.108103380718545e-06
    8.728252533925724e-01    8.732718138700573e+02    2.564619355647794e-04    1.058491625298006e-03    1.048399049982409e-05    0.000000000000000e+00   -1.576580520181990e-04    1.165749249813231e-03    2.030249531179661e-06
    8.789976522787881e-01    8.794473707187439e+02    2.329129671559899e-04    1.065874998111595e-03    1.102914476176438e-05    0.000000000000000e+00   -1.555634217550677e-04    1.152889678037386e-03    1.364010236895759e-06
    8.851747340057141e-01    8.856276128040058e+02    2.103918790353098e-04    1.073825855827666e-03    1.144288419126459e-05    0.000000000000000e+00   -1.529017331353881e-04    1.140751758772559e-03    2.007127146292677e-06
    8.913562595177424e-01    8.918123009479281e+02    1.889693671574061e-04    1.082199132414894e-03    1.174764236144288e-05    0.000000000000000e+00   -1.505540525404350e-04    1.129415657047518e-03    2.946432345790010e-06
    8.975419895872890e-01    8.980011958005315e+02    1.687269997156770e-04    1.091587835631199e-03    1.192606498898480e-05    0.000000000000000e+00   -1.490876166240162e-04    1.118798905065911e-03    4.354378645933001e-06
    9.037316848240518e-01    9.041940578490353e+02    1.495833316051761e-04    1.102008526759341e-03    1.204391902820826e-05    0.000000000000000e+00   -1.481634253377293e-04    1.108832292386200e-03    6.640059668795760e-06
    9.099251056842746e-01    9.103906474271269e+02    1.314587160737666e-04    1.111833350554991e-03    1.204341835095535e-05    0.000000000000000e+00   -1.475785887032800e-04    1.099556838186046e-03    8.200058090386542e-06
    9.161220124800187e-01    9.165907247242362e+02    1.144052102398571e-04    1.120401166548282e-03    1.190261831248262e-05    0.000000000000000e+00   -1.472803666182082e-04    1.090896129829166e-03    8.532498653247714e-06
    9.223221653884378e-01    9.227940497948179e+02    9.847584530730432e-05    1.127695083151362e-03    1.203313004726392e-05    0.000000000000000e+00   -1.468698305755359e-04    1.082882024924287e-03    8.452203006107956e-06
    9.285253244610600e-01    9.290003825676356e+02    8.371273323638732e-05    1.133168262724223e-03    1.225253132952779e-05    0.000000000000000e+00   -1.460916036332382e-04    1.075481275580039e-03    7.560648076861479e-06
    9.347312496330733e-01    9.352094828550540e+02    7.010397861445292e-05    1.136767897954254e-03    1.280790737247049e-05    0.000000000000000e+00   -1.448096282484321e-04    1.068731126476749e-03    6.139029215996867e-06
    9.409397007326168e-01    9.414211103623340e+02    5.763485196209022e-05    1.140409119420473e-03    1.267018459526069e-05    0.000000000000000e+00   -1.430249939451952e-04    1.062409881384332e-03    5.279280648296664e-06
    9.471504374900750e-01    9.476350246969317e+02    4.633759216679805e-05    1.143701901758411e-03    1.215429747348016e-05    0.000000000000000e+00   -1.410792788736819e-04    1.056643867537954e-03    4.470644987053041e-06
    9.533632195473765e-01    9.538509853778021e+02    3.620931631008228e-05    1.146503349781980e-03    1.217229582161656e-05    0.000000000000000e+00   -1.394415193163495e-04    1.051676587047013e-03    3.766855550316238e-06
    9.595778064672961e-01    9.600687518447062e+02    2.727427937501699e-05    1.150502925032954e-03    1.236209775349755e-05    0.000000000000000e+00   -1.385668155362868e-04    1.047410332775998e-03    4.162153849183439e-06
    9.657939577427594e-01    9.662880834675195e+02    1.957980918089666e-05    1.155078046145189e-03    1.241137961086825e-05    0.000000000000000e+00   -1.385750016252646e-04    1.043723936459867e-03    4.770296851821631e-06
    9.720114328061512e-01    9.725087395555463e+02    1.313973219299327e-05    1.159245279648719e-03    1.219682003709595e-05    0.000000000000000e+00   -1.391259254582064e-04    1.040622508859450e-03    4.833397561152279e-06
    9.782299910386247e-01    9.787304793668327e+02    7.962974102108946e-06    1.161906617500407e-03    1.194916828164943e-05    0.000000000000000e+00   -1.399474327241321e-04    1.038134591122814e-03    3.736736037219732e-06
    9.844493917794144e-01    9.849530621174848e+02    4.061006228951841e-06    1.163230606276843e-03    1.208711835128600e-05    0.000000000000000e+00   -1.407529778466095e-04    1.036310134010491e-03    2.315618999980092e-06
    9.906693943351491e-01    9.911762469909864e+02    1.449547225395583e-06    1.163834695487585e-03    1.231059780288644e-05    0.000000000000000e+00   -1.411084059831956e-04    1.035149140207478e-03    1.337294325193250e-06
    9.968897579891672e-01    9.973997931475188e+02    1.416957715389115e-07    1.164035006739980e-03    1.222058380595157e-05    0.000000000000000e+00   -1.410057716501108e-04    1.034525314621645e-03    8.662000457149936e-07
