% Filename : LM_Channel_0550_RSTE_k_prof.dat 
% 
% Description : Terms in Reynolds stress transport equation for turbulent kinetic energy, k = 0.5*(u'u' + v'v' + w'w')
% 
% Total number of data points  : 192
% 
% 
% 
% 
% The data in this file was extracted from a direct numerical simulation 
% of fully developed plane turbulent channel flow. The file is available at 
% http://turbulence.ices.utexas.edu, where it will be updated as necessary. 
% 
% When publishing results using this data, the following paper should be 
% cited as the source:  
% 
%    Myoungkyu Lee and Robert D. Moser,  
%    Direct numerical simulation of turbulent channel flow up to Re_tau = 5200, 
%    2015, Journal of Fluid Mechanics, vol. 774, pp. 395-415 
% 
% The paper can be found at http://journals.cambridge.org/article_S0022112015002682 
% 
% NOTE: before publication, please check 
% http://turbulence.ices.utexas.edu for any updates to the data and an 
% updated citation 
% 
% 
% Contact to Robert D. Moser(rmoser@ices.utexas.edu) or M.K. Lee(mnlee@sandia.gov) for questions.
% 
% 
% The parameters defining the simulation from which this data were extracted are: 
% 
%  Grid (streamwise)       nx = 1536 
%  Grid (wall-normal)      ny = 384 
%  Grid (spanwise)         nz = 1024 
%  Streamwise domain size  Lx = 8pi 
%  Spanwise domain size    Lz = 3pi 
%  B-Spline order           n = 7 
%  Kinematic Viscosity     nu = 1.00000e-04 
%  Channel half width   delta = 1.000 
%  Avg streamwise vel  U_mean = 1.000 
%  Friction vel         u_tau = 5.43496e-02 
%  Re_tau              Re_tau =  543.496 
% 
% 
% All data are normalized by u_tau and nu (signified with a ^+) except 
% for y/delta 
% 
% This file was last updated on 6/15/2015.
% 
% 
% 
% Remark: (Half of sum of i=j=1, i=j=2 and i=j=3)
% 
%    y/delta              : Grid point in wall-normal direction, Normalized by channel half width 
%    y^+                  : Grid point in wall-normal direction 
%    Production           :  -<u_i' u_k'> dU_j/dU_k + -<u_j' u_k'> dU_i/dx_k 
%    Turbulent Transport  : - d<u_i'u_j'u_k'>/dx_k 
%    Viscous Transport    : nu d^2 <u_i'u_k'> / dx_k dx_k 
%    Pressure Strain      : <p(du_i'/dx_j' + du_j'/dx_i')> 
%    Pressure Transport   : - ( d<pu_i'>/dx_j + d<pu_j'>/dx_i ) 
%    Viscous Dissipation  : 2 nu <du_i'/dx_k du_j'/dx_k> 
%    Balance : Production + Turb_Trans + Visc_Trans + Press_Strain + Press_Trans - Vis_Diss 
% 
% *   Estimated standard deviations of datasets in this file are in the file: LM_Channel_0550_RSTE_k_stdev.dat 
% 
% **  Data at y/delta = 1.0 is not computed due to code performance optimization 
% 
% *** Analytic values of Pressure_Strain are zero everywhere. These are reported here only for completeness of data with other quantities. 
% 
% -----------End of header--------- 
% 
%         y/delta                    y^+                   Production          Turbulent_Transport        Viscous_Transport       Pressure_Strain         Pressure_Transport        Viscous_Dissipation           Balance        
%--------------------------------------------------------------------------------------------------------------------------------------------------------------------------------------------------------------------------------
    0.000000000000000e+00    0.000000000000000e+00    0.000000000000000e+00    7.871052000073866e-14    2.316216131401448e-01    0.000000000000000e+00   -1.268461457242119e-14    2.316216216893049e-01   -8.549094099308263e-09
    4.960055044689327e-06    2.695770315769523e-03    1.910646091848580e-11    3.282500527772428e-11    2.314560988583937e-01    0.000000000000000e+00    5.498196125992459e-05    2.315112751929684e-01   -1.943213833177637e-07
    2.479993079318454e-05    1.347866438236128e-02    2.390451294181311e-09    4.109451563616346e-09    2.307983155427052e-01    0.000000000000000e+00    2.737188041870641e-04    2.310728130548921e-01   -7.722080969108092e-07
    6.943835963846290e-05    3.773947405876450e-02    5.258242578321755e-08    9.023242291385751e-08    2.293424909466014e-01    0.000000000000000e+00    7.589684096709029e-04    2.301028489833395e-01   -1.246812218524962e-06
    1.487923519430945e-04    8.086805528724719e-02    5.192715421648683e-07    8.883937485966568e-07    2.268318889896621e-01    0.000000000000000e+00    1.598388789916095e-03    2.284323905439184e-01   -7.050990494805731e-07
    2.727765073938793e-04    1.482529538173228e-01    3.217719453803778e-06    5.480924657608172e-06    2.230905719070030e-01    0.000000000000000e+00    2.852006164531825e-03    2.259506367603202e-01    6.399553260094670e-07
    4.513023265247940e-04    2.452810310211923e-01    1.468891325193944e-05    2.487660909854790e-05    2.180503500129617e-01    0.000000000000000e+00    4.538114643540982e-03    2.226266863312396e-01    1.343847613577420e-06
    6.942775224545450e-04    3.773370898258246e-01    5.403416593137141e-05    9.085475340928561e-05    2.117574110885625e-01    0.000000000000000e+00    6.620598248433803e-03    2.185217779553355e-01    1.120301001522606e-06
    1.006645277842999e-03    5.471077304725138e-01    1.667325129012520e-04    2.778636554466158e-04    2.044396087138055e-01    0.000000000000000e+00    8.967166578451083e-03    2.138502550567485e-01    1.116403855999648e-06
    1.388383901632650e-03    7.545811639572240e-01    4.432574571351953e-04    7.301397718164700e-04    1.963379912115091e-01    0.000000000000000e+00    1.138272486983204e-02    2.088922895406981e-01    1.823769594760938e-06
    1.839466885598995e-03    9.997429831646912e-01    1.044141262588286e-03    1.691565559020865e-03    1.874309050360489e-01    0.000000000000000e+00    1.367991382648269e-02    2.038434141605616e-01    3.111523579207853e-06
    2.359862906192278e-03    1.282576163869408e+00    2.228135904016703e-03    3.520447097635682e-03    1.773329603810551e-01    0.000000000000000e+00    1.569894379457999e-02    1.987755180212377e-01    4.969156049777768e-06
    2.949535826711647e-03    1.603061065917264e+00    4.377526537715572e-03    6.659637936212424e-03    1.652701575968480e-01    0.000000000000000e+00    1.732237566391423e-02    1.936222531503219e-01    7.444584368382356e-06
    3.608444699815139e-03    1.961175434589719e+00    8.009433038442020e-03    1.152713313341309e-02    1.501937976937886e-01    0.000000000000000e+00    1.848264557483865e-02    1.882024809766434e-01    1.052846383892136e-05
    4.336543770362744e-03    2.356894402148990e+00    1.375747571848946e-02    1.831548357142208e-02    1.310724123444719e-01    0.000000000000000e+00    1.916153710033206e-02    1.822928185811569e-01    1.409015355863241e-05
    5.133782478594084e-03    2.790190489565113e+00    2.230806327550522e-02    2.674783268924672e-02    1.073204994982094e-01    0.000000000000000e+00    1.938239633092806e-02    1.757409079152325e-01    1.788387865692131e-05
    6.000105463638716e-03    3.261033608423775e+00    3.428406588398795e-02    3.590552715641973e-02    7.921534113291652e-02    0.000000000000000e+00    1.919725894555366e-02    1.685805558435213e-01    2.163727535650639e-05
    6.935452567361056e-03    3.769391063016017e+00    5.008715776793280e-02    4.425831496636878e-02    4.809962922484397e-02    0.000000000000000e+00    1.867191842524012e-02    1.610918376468727e-01    2.518273751297984e-05
    7.939758838537370e-03    4.315227552608415e+00    6.973357970578543e-02    4.995572130253297e-02    1.623217518300175e-02    0.000000000000000e+00    1.787215588489540e-02    1.537651274584519e-01    2.850461776371382e-05
    9.012954537366280e-03    4.898505173894514e+00    9.273497358567034e-02    5.130774873349395e-02   -1.369113929460896e-02    0.000000000000000e+00    1.685383551508461e-02    1.471738144542168e-01    3.160408542315918e-05
    1.015496514031144e-02    5.519183423626813e+00    1.180741097096455e-01    4.727645115957940e-02   -3.916736012368069e-02    0.000000000000000e+00    1.565844272594242e-02    1.418074593853243e-01    3.418408616234769e-05
    1.136571134527642e-02    6.177219201429278e+00    1.443005590088917e-01    3.778628022335073e-02   -5.843064743600031e-02    0.000000000000000e+00    1.431417292277528e-02    1.379349857981302e-01    3.537892088717465e-05
    1.264510907711180e-02    6.872566812790456e+00    1.697321727152114e-01    2.374574872777561e-02   -7.073779173334238e-02    0.000000000000000e+00    1.284125725580622e-02    1.355474216066740e-01    3.396535877686624e-05
    1.399306949345314e-02    7.605177972236348e+00    1.927120499331747e-01    6.798677416812571e-03   -7.635187424933997e-02    0.000000000000000e+00    1.125923593264725e-02    1.343888673831819e-01    2.922165011262634e-05
    1.540949899089039e-02    8.375001806683503e+00    2.118537331220018e-01   -1.108099728176880e-02   -7.629589726079576e-02    0.000000000000000e+00    9.593618831631495e-03    1.340486611836701e-01    2.179622739850728e-05
    1.689429921146768e-02    9.181984858971585e+00    2.262157703910077e-01   -2.800729950397576e-02   -7.200219697237234e-02    0.000000000000000e+00    7.879856930454432e-03    1.340725966128159e-01    1.353423229813466e-05
    1.844736704951344e-02    1.002607109157555e+01    2.353743690294761e-01   -4.249866300655434e-02   -6.497660286803549e-02    0.000000000000000e+00    6.163624487149305e-03    1.340564588745728e-01    6.268767462763725e-06
    2.006859465880007e-02    1.090720189049688e+01    2.393960271063665e-01   -5.363721824803906e-02   -5.655401229395731e-02    0.000000000000000e+00    4.497646982510709e-03    1.337016715058483e-01    7.720410324651983e-07
    2.175786946003322e-02    1.182531606933399e+01    2.387374669496684e-01   -6.107545943088263e-02   -4.777088609060627e-02    0.000000000000000e+00    2.936223980774838e-03    1.328306159733171e-01   -3.270564362722883e-06
    2.351507414866882e-02    1.278034987353073e+01    2.341108943077177e-01   -6.493536750384871e-02   -3.933904275154109e-02    0.000000000000000e+00    1.529016057405094e-03    1.313721411097486e-01   -6.641000015655818e-06
    2.534008670305921e-02    1.377223698480380e+01    2.263493320776945e-01   -6.565829414094596e-02   -3.168321521201779e-02    0.000000000000000e+00    3.156223739240003e-04    1.293331734169050e-01   -9.728318250273871e-06
    2.723278039292598e-02    1.480090852574770e+01    2.162953391297978e-01   -6.385478719151963e-02   -2.500543503918121e-02    0.000000000000000e+00   -6.779054366862788e-04    1.267691471805439e-01   -1.193571813312699e-05
    2.919302378816102e-02    1.586629306461805e+01    2.047233798414884e-01   -6.018380652854397e-02   -1.935144616904457e-02    0.000000000000000e+00   -1.440129529823321e-03    1.237599247027337e-01   -1.192708865714598e-05
    3.122068076795215e-02    1.696831662029134e+01    1.922956456704725e-01   -5.526939546365086e-02   -1.466877614616350e-02    0.000000000000000e+00   -1.973219076294955e-03    1.203930392559134e-01   -8.784271550155154e-06
    3.331561053023624e-02    1.810690266740270e+01    1.795450006195121e-01   -4.964934162440282e-02   -1.085494681692359e-02    0.000000000000000e+00   -2.290812267867533e-03    1.167525787008275e-01   -2.678790509316742e-06
    3.547766760147619e-02    1.928197214165958e+01    1.668770619615557e-01   -4.375123623684021e-02   -7.793143493084900e-03    0.000000000000000e+00   -2.415579318151803e-03    1.129123001965773e-01    4.802716901425308e-06
    3.770670184676284e-02    2.049344344533214e+01    1.545842030569134e-01   -3.789293842371341e-02   -5.369837746938800e-03    0.000000000000000e+00   -2.377092893099734e-03    1.089342586213643e-01    1.007537179711915e-05
    4.000255848024048e-02    2.174123245291950e+01    1.428650337551609e-01   -3.229377270820168e-02   -3.481143574086254e-03    0.000000000000000e+00   -2.210108091089035e-03    1.048704281624811e-01    9.581219302778887e-06
    4.236507807585510e-02    2.302525251699132e+01    1.318440300360280e-01   -2.708953147839469e-02   -2.034360231203971e-03    0.000000000000000e+00   -1.951935191569214e-03    1.007650705724713e-01    3.132562388735716e-06
    4.479409657842548e-02    2.434541447420490e+01    1.215887062720862e-01   -2.235321144512588e-02   -9.474793742013922e-04    0.000000000000000e+00   -1.637966331737177e-03    9.665743085626245e-02   -7.381735240674647e-06
    4.728944531503487e-02    2.570162665149656e+01    1.121241650686838e-01   -1.811387896884519e-02   -1.493243161736164e-04    0.000000000000000e+00   -1.297527974416234e-03    9.258266674130822e-02   -1.923293205946530e-05
    4.985095100674408e-02    2.709379487244760e+01    1.034453202980779e-01   -1.436892817206419e-02    4.182809662777851e-04    0.000000000000000e+00   -9.523839151722003e-04    8.857036587844003e-02   -2.807670132068396e-05
    5.247843578062394e-02    2.852182246382393e+01    9.552670686744315e-02   -1.110090882152467e-02    8.054803849997222e-04    0.000000000000000e+00   -6.180090657226782e-04    8.464520075518518e-02   -3.193138998966449e-05
    5.517171718210678e-02    2.998561026228904e+01    8.832978921593157e-02   -8.285558387017784e-03    1.058944999198022e-03    0.000000000000000e+00   -3.060323291051281e-04    8.082900913303552e-02   -3.186563402884923e-05
    5.793060818765683e-02    3.148505662129033e+01    8.180804201029430e-02   -5.888761251005262e-03    1.216824332215273e-03    0.000000000000000e+00   -2.583570990971403e-05    7.713981895023900e-02   -2.954956864439917e-05
    6.075491721775639e-02    3.302005741811698e+01    7.591035825616756e-02   -3.861893563707355e-03    1.300811665062828e-03    0.000000000000000e+00    2.150989719594472e-04    7.358932679220448e-02   -2.495146272199489e-05
    6.364444815021009e-02    3.459050606113087e+01    7.058462157484326e-02   -2.147208375163561e-03    1.321884891429423e-03    0.000000000000000e+00    4.121726646297072e-04    7.018470589308290e-02   -1.323513734408088e-05
    6.659900033376298e-02    3.619629349716784e+01    6.578087208137851e-02   -7.002700456566021e-04    1.296654370371110e-03    0.000000000000000e+00    5.658227177010695e-04    6.693332142193528e-02    9.757701858792434e-06
    6.961836860203485e-02    3.783730821911102e+01    6.145203968787665e-02    5.083059927341536e-04    1.236401846257785e-03    0.000000000000000e+00    6.817807005370189e-04    6.383786658465478e-02    4.066164275084994e-05
    7.270234328776626e-02    3.951343627363347e+01    5.755364664028570e-02    1.490786413553079e-03    1.161200029888423e-03    0.000000000000000e+00    7.675120284136737e-04    6.090017806387785e-02    7.296704826301181e-05
    7.585071023737844e-02    4.122456126911140e+01    5.404334967628199e-02    2.254135814434981e-03    1.092339700993963e-03    0.000000000000000e+00    8.286107000812041e-04    5.812148406614394e-02    9.695182564819355e-05
    7.906325082584409e-02    4.297056438370646e+01    5.088078596790548e-02    2.830761803826575e-03    1.027005388486030e-03    0.000000000000000e+00    8.683806033979156e-04    5.549621260737358e-02    1.107211562424229e-04
    8.233974197186933e-02    4.475132437361696e+01    4.802786231144065e-02    3.261452393656959e-03    9.560983531750930e-04    0.000000000000000e+00    8.885435172622310e-04    5.301601332667581e-02    1.179432488591300e-04
    8.567995615338375e-02    4.656671758149677e+01    4.544934950589095e-02    3.571003724972396e-03    8.834928593653745e-04    0.000000000000000e+00    8.882536041785001e-04    5.067521125124259e-02    1.168884431646394e-04
    8.908366142334079e-02    4.841661794504267e+01    4.311346402580291e-02    3.777420465114901e-03    8.160620254339614e-04    0.000000000000000e+00    8.643590574754427e-04    4.846873719076251e-02    1.025683830646953e-04
    9.255062142582338e-02    5.030089700574776e+01    4.099265977328496e-02    3.904050500305814e-03    7.514481044526036e-04    0.000000000000000e+00    8.154475580045932e-04    4.638905832235423e-02    7.454761369374285e-05
    9.608059541245717e-02    5.221942391782199e+01    3.906417928682283e-02    3.975838760245238e-03    6.866643457707142e-04    0.000000000000000e+00    7.448579548472614e-04    4.442854370962480e-02    4.299663806122539e-05
    9.967333825912839e-02    5.417206545727817e+01    3.730813312324564e-02    4.007552133151548e-03    6.229152783657994e-04    0.000000000000000e+00    6.608043332238103e-04    4.258185253333513e-02    1.755233465167844e-05
    1.033286004830050e-01    5.615868603118298e+01    3.570578163767003e-02    4.007568517385815e-03    5.617343461174790e-04    0.000000000000000e+00    5.730934176764658e-04    4.084482947125950e-02    3.348447590284520e-06
    1.070461282598614e-01    5.817914768707291e+01    3.423910819143166e-02    3.980505387695836e-03    5.041115992923056e-04    0.000000000000000e+00    4.889176323164262e-04    3.921037246908484e-02    2.270341651372521e-06
    1.108256634417039e-01    6.023331012253348e+01    3.288977811543186e-02    3.922613255739717e-03    4.493388764377461e-04    0.000000000000000e+00    4.111148560602697e-04    3.766687949255597e-02    5.965611113628588e-06
    1.146669435746969e-01    6.232103069494224e+01    3.164050771459477e-02    3.838609881048705e-03    4.011081299677481e-04    0.000000000000000e+00    3.390888800630556e-04    3.620679349845570e-02    1.252110721857574e-05
    1.185697019173878e-01    6.444216443137381e+01    3.047844600872763e-02    3.742779178982210e-03    3.604517962353875e-04    0.000000000000000e+00    2.725647897864544e-04    3.482665296272738e-02    2.758881100430738e-05
    1.225336674592297e-01    6.659656403866684e+01    2.939546827407456e-02    3.634727454490559e-03    3.255775364345266e-04    0.000000000000000e+00    2.117888407438790e-04    3.352283607337553e-02    4.472603236799211e-05
    1.265585649394005e-01    6.878407991365242e+01    2.838427478242338e-02    3.508978188819262e-03    2.936453361249118e-04    0.000000000000000e+00    1.552196542048892e-04    3.228925706160506e-02    5.286089996738713e-05
    1.306441148659178e-01    7.100456015354244e+01    2.743709833287742e-02    3.372738093784277e-03    2.636499645830724e-04    0.000000000000000e+00    1.002558674890814e-04    3.112073854719178e-02    5.300371154207117e-05
    1.347900335350460e-01    7.325785056647791e+01    2.654749261054188e-02    3.236991281418938e-03    2.391176400982468e-04    0.000000000000000e+00    4.485921441627061e-05    3.001333081998933e-02    5.512992648599654e-05
    1.389960330509979e-01    7.554379468223608e+01    2.570978295224782e-02    3.103755808418015e-03    2.224568808212093e-04    0.000000000000000e+00   -1.022251451064013e-05    2.896323367466796e-02    6.253945230844798e-05
    1.432618213459259e-01    7.786223376309594e+01    2.491978012641570e-02    2.966336940675369e-03    2.062772290747428e-04    0.000000000000000e+00   -6.151265705442669e-05    2.796572974605729e-02    6.515189305409189e-05
    1.475871022002033e-01    8.021300681486106e+01    2.417416811497627e-02    2.813243650509549e-03    1.896376321981032e-04    0.000000000000000e+00   -1.075542352851670e-04    2.701704696055437e-02    5.244820184439544e-05
    1.519715752629947e-01    8.259595059803924e+01    2.346811950555132e-02    2.652165293728242e-03    1.724925851004482e-04    0.000000000000000e+00   -1.500358122878745e-04    2.611311743971212e-02    2.962413238001213e-05
    1.564149360731114e-01    8.501089963917768e+01    2.279709273952389e-02    2.497292538586181e-03    1.555587649841970e-04    0.000000000000000e+00   -1.910420317265914e-04    2.525179988309506e-02    7.102128272620106e-06
    1.609168760801550e-01    8.745768624235409e+01    2.215922480591304e-02    2.343186846480242e-03    1.395417858238363e-04    0.000000000000000e+00   -2.306550877052931e-04    2.443098623048745e-02   -1.968787997562796e-05
    1.654770826659420e-01    8.993614050082111e+01    2.155390917720041e-02    2.183166512241611e-03    1.279052225066499e-04    0.000000000000000e+00   -2.661789260683181e-04    2.364887198152447e-02   -5.006999564411557e-05
    1.700952391662127e-01    9.244609030880510e+01    2.097984714585625e-02    2.026418166360519e-03    1.168907881154196e-04    0.000000000000000e+00   -2.943630758989299e-04    2.290307494261360e-02   -7.428191818033975e-05
    1.747710248926210e-01    9.498736137345711e+01    2.043427646892188e-02    1.890910746110771e-03    1.047067518378176e-04    0.000000000000000e+00   -3.150979779165839e-04    2.219111181176237e-02   -7.631582280847107e-05
    1.795041151550028e-01    9.755977722695611e+01    1.991291493970052e-02    1.778330696642018e-03    9.306618733252367e-05    0.000000000000000e+00   -3.316073435411973e-04    2.151086420305974e-02   -5.815972292587401e-05
    1.842941812839227e-01    1.001631592387629e+02    1.941134519152213e-02    1.673826915545442e-03    8.353301043387981e-05    0.000000000000000e+00   -3.457709037837854e-04    2.086069024684203e-02   -3.775603312435732e-05
    1.891408906534976e-01    1.027973266280242e+02    1.892699436739163e-02    1.569250477216799e-03    7.749212195301950e-05    0.000000000000000e+00   -3.577122759275709e-04    2.023968413224376e-02   -2.365944160987940e-05
    1.940439067044936e-01    1.054620964761266e+02    1.845781914150590e-02    1.460888612551422e-03    7.574185145560165e-05    0.000000000000000e+00   -3.688130086259779e-04    1.964619581498133e-02   -2.055921809438269e-05
    1.990028889676979e-01    1.081572837393985e+02    1.800086093783453e-02    1.355058792395640e-03    7.058840682953016e-05    0.000000000000000e+00   -3.814455394743657e-04    1.907614905805994e-02   -3.108646047460598e-05
    2.040174930875607e-01    1.108827012619591e+02    1.755475522830180e-02    1.264637108627703e-03    6.250257067067302e-05    0.000000000000000e+00   -3.975443836446519e-04    1.852721635384078e-02   -4.286582988525384e-05
    2.090873708461073e-01    1.136381597887155e+02    1.711990643525459e-02    1.185827208298505e-03    5.868654711228874e-05    0.000000000000000e+00   -4.165870129197468e-04    1.799986381526505e-02   -5.203063751941031e-05
    2.142121701871195e-01    1.164234679785042e+02    1.669781765153658e-02    1.109362812671393e-03    5.875659186765335e-05    0.000000000000000e+00   -4.351805870209554e-04    1.749331758238884e-02   -6.256111333416414e-05
    2.193915352405814e-01    1.192384324173779e+02    1.628910373984130e-02    1.039152186561785e-03    5.499433970962777e-05    0.000000000000000e+00   -4.485622816794433e-04    1.700520560611936e-02   -7.051762168608713e-05
    2.246251063473925e-01    1.220828576320368e+02    1.589323369188150e-02    9.782670558777619e-04    4.642549367901317e-05    0.000000000000000e+00   -4.547677949146900e-04    1.653535516137284e-02   -7.219671484925624e-05
    2.299125200843422e-01    1.249565461034021e+02    1.551058200231477e-02    9.234537538294424e-04    3.882275816776943e-05    0.000000000000000e+00   -4.560254264829234e-04    1.608413521601596e-02   -6.730212818689685e-05
    2.352534092893457e-01    1.278592982803316e+02    1.514059949034322e-02    8.786482471714525e-04    3.527736090594691e-05    0.000000000000000e+00   -4.555700736163770e-04    1.565087106752261e-02   -5.191604271836438e-05
    2.406474030869410e-01    1.307909125934775e+02    1.478151867873923e-02    8.407234561766786e-04    3.189286350990270e-05    0.000000000000000e+00   -4.535998795439129e-04    1.523235887592923e-02   -3.182375704732787e-05
    2.460941269140419e-01    1.337511854692823e+02    1.443227487306421e-02    8.048817165055076e-04    2.414619363739937e-05    0.000000000000000e+00   -4.476538332675035e-04    1.482727646654924e-02   -1.362751660962357e-05
    2.515932025459485e-01    1.367399113441167e+02    1.409259363516122e-02    7.689563127803099e-04    1.621530835126747e-05    0.000000000000000e+00   -4.390100324383457e-04    1.443633941412144e-02    2.415809733010213e-06
    2.571442481226113e-01    1.397568826785524e+02    1.376135335950346e-02    7.339618406332227e-04    1.374917461944887e-05    0.000000000000000e+00   -4.310981216400611e-04    1.405869589583215e-02    1.927035728392298e-05
    2.627468781751475e-01    1.428018899717752e+02    1.343840405158734e-02    7.034184090863063e-04    1.510913638478356e-05    0.000000000000000e+00   -4.251435320527505e-04    1.369283822296033e-02    3.894984204535525e-05
    2.684007036526089e-01    1.458747217761320e+02    1.312547320841184e-02    6.666797437753129e-04    1.891198647384341e-05    0.000000000000000e+00   -4.194657284169180e-04    1.333939742139689e-02    5.220178884718894e-05
    2.741053319489973e-01    1.489751647118144e+02    1.282329143285972e-02    6.148517602766299e-04    2.382670091754315e-05    0.000000000000000e+00   -4.121179926818014e-04    1.299911648234966e-02    5.073541902243274e-05
    2.798603669305277e-01    1.521030034816756e+02    1.253082364014233e-02    5.573848843721126e-04    2.645719837410488e-05    0.000000000000000e+00   -4.030676576324569e-04    1.267026410878207e-02    4.133395647401561e-05
    2.856654089631360e-01    1.552580208861810e+02    1.224676395237385e-02    5.080190268736487e-04    2.590788128430949e-05    0.000000000000000e+00   -3.938948699269414e-04    1.235248125867108e-02    3.431473193378672e-05
    2.915200549402298e-01    1.584399978384907e+02    1.197056935446661e-02    4.709177732842335e-04    2.402999656459240e-05    0.000000000000000e+00   -3.877311111918287e-04    1.204552902472444e-02    3.225698839917114e-05
    2.974238983106809e-01    1.616487133796732e+02    1.170132113294741e-02    4.437245819377155e-04    2.091193190350112e-05    0.000000000000000e+00   -3.868329434434258e-04    1.174775289222430e-02    3.137181112089146e-05
    3.033765291070559e-01    1.648839446940483e+02    1.143768961219279e-02    4.262327804005700e-04    1.601160892374600e-05    0.000000000000000e+00   -3.888666022944040e-04    1.145817040330715e-02    3.289699591556110e-05
    3.093775339740852e-01    1.681454671246606e+02    1.117925232956472e-02    4.096197456283053e-04    1.344795175076048e-05    0.000000000000000e+00   -3.881042336363687e-04    1.117792281140905e-02    3.629298189835629e-05
    3.154264961973662e-01    1.714330541888790e+02    1.092649724271895e-02    3.848416001353326e-04    1.212845562799748e-05    0.000000000000000e+00   -3.813095915577713e-04    1.090693057604910e-02    3.522713087540479e-05
    3.215229957323006e-01    1.747464775941244e+02    1.067893454095832e-02    3.532569540965189e-04    1.215855466395938e-05    0.000000000000000e+00   -3.700889689948564e-04    1.064484832672103e-02    2.941275400290821e-05
    3.276666092332626e-01    1.780855072537220e+02    1.043555098671480e-02    3.186642045057601e-04    1.355842535992655e-05    0.000000000000000e+00   -3.584291524480071e-04    1.039058922809363e-02    1.875523603885390e-05
    3.338569100829963e-01    1.814499113028791e+02    1.019627627793158e-02    2.896958897491868e-04    1.410378670149333e-05    0.000000000000000e+00   -3.492002286864563e-04    1.014290275900766e-02    7.972966688144650e-06
    3.400934684222403e-01    1.848394561147859e+02    9.961815944351577e-03    2.756122235288164e-04    1.213191809815676e-05    0.000000000000000e+00   -3.431806475785599e-04    9.901526131465754e-03    4.853306934234081e-06
    3.463758511795775e-01    1.882539063168385e+02    9.734516408616875e-03    2.722393097189599e-04    1.116136398212664e-05    0.000000000000000e+00   -3.401365100958658e-04    9.668157663648272e-03    9.622908573819408e-06
    3.527036221015079e-01    1.916930248069838e+02    9.515422809055374e-03    2.715829254478599e-04    1.254636376675418e-05    0.000000000000000e+00   -3.387549655010263e-04    9.443294890019296e-03    1.750224274966669e-05
    3.590763417827421e-01    1.951565727701834e+02    9.301673895946843e-03    2.702267209396408e-04    1.194134768229078e-05    0.000000000000000e+00   -3.367951887356775e-04    9.224507983478182e-03    2.253879235490988e-05
    3.654935676967147e-01    1.986443096949977e+02    9.090065922652872e-03    2.710159241147280e-04    1.010923434393664e-05    0.000000000000000e+00   -3.342416209830039e-04    9.010788917130223e-03    2.616054299831028e-05
    3.719548542263129e-01    2.021559933902869e+02    8.879981115693634e-03    2.777808267301875e-04    1.138026208799605e-05    0.000000000000000e+00   -3.329594722656910e-04    8.802929644134407e-03    3.325308811171629e-05
    3.784597526948209e-01    2.056913800020290e+02    8.671498576728340e-03    2.864737860489906e-04    1.028817333945214e-05    0.000000000000000e+00   -3.335392903147304e-04    8.598853044660557e-03    3.586820114149548e-05
    3.850078113970762e-01    2.092502240302532e+02    8.463426225732061e-03    2.900232227946438e-04    8.013436074122280e-06    0.000000000000000e+00   -3.356432422290205e-04    8.398920454709483e-03    2.689918766232528e-05
    3.915985756308362e-01    2.128322783460876e+02    8.256556672302684e-03    2.884499793790110e-04    5.564873082943992e-06    0.000000000000000e+00   -3.383894183944615e-04    8.203856584175009e-03    8.325522195167315e-06
    3.982315877283539e-01    2.164372942089203e+02    8.054507720712683e-03    2.899207532652192e-04    3.630514151703333e-06    0.000000000000000e+00   -3.392616460223015e-04    8.013954816345691e-03   -5.157474238385099e-06
    4.049063870881573e-01    2.200650212836714e+02    7.859574621441818e-03    2.955771399762771e-04    5.719235742100449e-06    0.000000000000000e+00   -3.367012548040324e-04    7.830494558953216e-03   -6.324816597054125e-06
    4.116225102070353e-01    2.237152076581774e+02    7.671341805823220e-03    2.984921709150858e-04    1.164607850616300e-05    0.000000000000000e+00   -3.326999612600690e-04    7.653268744509455e-03   -4.488650525056107e-06
    4.183794907122229e-01    2.273875998606835e+02    7.487769255785507e-03    2.981158975885477e-04    1.474079644948893e-05    0.000000000000000e+00   -3.294498841390330e-04    7.479939432618024e-03   -8.763366933512394e-06
    4.251768593937867e-01    2.310819428774451e+02    7.306971475619443e-03    3.022402742536336e-04    1.270606696293783e-05    0.000000000000000e+00   -3.275963288162373e-04    7.309601865548416e-03   -1.528037752863715e-05
    4.320141442372072e-01    2.347979801704361e+02    7.128877947448821e-03    3.127338955328418e-04    1.003364138166553e-05    0.000000000000000e+00   -3.275605237912235e-04    7.143440795483512e-03   -1.935583491140778e-05
    4.388908704561558e-01    2.385354536951633e+02    6.954319661832870e-03    3.225124431188549e-04    8.450666071708611e-06    0.000000000000000e+00   -3.281620018387127e-04    6.981677657935446e-03   -2.455688875072776e-05
    4.458065605254647e-01    2.422941039185849e+02    6.782943718952640e-03    3.301046753398252e-04    6.775727437791955e-06    0.000000000000000e+00   -3.277455633872938e-04    6.823404840698320e-03   -3.132628235535603e-05
    4.527607342142861e-01    2.460736698371329e+02    6.614131066236620e-03    3.417341458950326e-04    5.145450440269297e-06    0.000000000000000e+00   -3.260691494149032e-04    6.668617168144188e-03   -3.367565498716644e-05
    4.597529086194397e-01    2.498738889948373e+02    6.448145655452990e-03    3.554853806471714e-04    3.979249326777953e-06    0.000000000000000e+00   -3.232327739664418e-04    6.517600101602702e-03   -3.322259014220449e-05
    4.667825981989466e-01    2.536944975015512e+02    6.284986057200861e-03    3.708319564332639e-04    2.791936985672752e-06    0.000000000000000e+00   -3.191736749265315e-04    6.370307356690450e-03   -3.087108099718554e-05
    4.738493148057453e-01    2.575352300512757e+02    6.124297441651529e-03    3.874128649126942e-04    2.874042565536604e-06    0.000000000000000e+00   -3.140968817647848e-04    6.227507705464670e-03   -2.702023809969447e-05
    4.809525677215887e-01    2.613958199405827e+02    5.965386334218607e-03    4.033182045087871e-04    3.969826835814413e-06    0.000000000000000e+00   -3.094602338587644e-04    6.088690119909018e-03   -2.547598820457336e-05
    4.880918636911202e-01    2.652759990871352e+02    5.807540269456572e-03    4.215179740969941e-04    4.899027787642851e-06    0.000000000000000e+00   -3.062721219424446e-04    5.953038207647831e-03   -2.535305824906582e-05
    4.952667069561264e-01    2.691754980483033e+02    5.651544105633124e-03    4.410074729664131e-04    4.600567239942617e-06    0.000000000000000e+00   -3.044025493498459e-04    5.820231172590916e-03   -2.748157610127800e-05
    5.024765992899614e-01    2.730940460398738e+02    5.498907378203297e-03    4.609982510363644e-04    2.930804225531771e-06    0.000000000000000e+00   -3.044351216206091e-04    5.689719741734124e-03   -3.131842988953956e-05
    5.097210400321457e-01    2.770313709548547e+02    5.349803140735125e-03    4.859370022194563e-04    2.185518261631519e-06    0.000000000000000e+00   -3.076394501410729e-04    5.561778127520556e-03   -3.149191644541589e-05
    5.169995261231315e-01    2.809871993823696e+02    5.203442995452202e-03    5.131623244251277e-04    3.612859617150250e-06    0.000000000000000e+00   -3.138185804252325e-04    5.437008846580766e-03   -3.060924751151911e-05
    5.243115521392352e-01    2.849612566266439e+02    5.059547953611876e-03    5.401019269723436e-04    4.061399745427463e-06    0.000000000000000e+00   -3.209039942147401e-04    5.314888212306326e-03   -3.208092619141987e-05
    5.316566103277359e-01    2.889532667260802e+02    4.918270031808075e-03    5.701125989777638e-04    2.760905538188044e-06    0.000000000000000e+00   -3.263802199471037e-04    5.195132950362478e-03   -3.036963398555560e-05
    5.390341906421325e-01    2.929629524724209e+02    4.779602741413481e-03    5.997896907453657e-04    2.749802328324934e-06    0.000000000000000e+00   -3.290836881040053e-04    5.078310992075103e-03   -2.525244569193293e-05
    5.464437807775626e-01    2.969900354299977e+02    4.643006251595490e-03    6.279643705881826e-04    3.445395113934246e-06    0.000000000000000e+00   -3.298152143614258e-04    4.963824385710479e-03   -1.922358277429634e-05
    5.538848662063773e-01    3.010342359550667e+02    4.507401321928829e-03    6.575314461699535e-04    4.846289030247914e-06    0.000000000000000e+00   -3.292970968489915e-04    4.851471660622838e-03   -1.098970034280229e-05
    5.613569302138700e-01    3.050952732152269e+02    4.372165729972532e-03    6.864877736357121e-04    7.118012962768085e-06    0.000000000000000e+00   -3.274143552151784e-04    4.741809508192271e-03   -3.452346836437317e-06
    5.688594539341580e-01    3.091728652089213e+02    4.237974045992112e-03    7.099433961266458e-04    9.209542556812011e-06    0.000000000000000e+00   -3.244964830208409e-04    4.634726529396928e-03   -2.096027742198338e-06
    5.763919163862123e-01    3.132667287850197e+02    4.106140400868510e-03    7.337635364577768e-04    9.175738334618597e-06    0.000000000000000e+00   -3.215135138664140e-04    4.529646281205985e-03   -2.080119411493504e-06
    5.839537945100358e-01    3.173765796624805e+02    3.977059741194025e-03    7.647994454821468e-04    8.458440790168820e-06    0.000000000000000e+00   -3.198200284959957e-04    4.427045860475636e-03    3.451738494707896e-06
    5.915445632029841e-01    3.215021324500916e+02    3.850422325551548e-03    7.997860965666349e-04    8.821226586858525e-06    0.000000000000000e+00   -3.207228598514467e-04    4.327140590609155e-03    1.116619824443991e-05
    5.991636953562294e-01    3.256431006662881e+02    3.726071438554252e-03    8.370791891917899e-04    9.110990528175616e-06    0.000000000000000e+00   -3.239682412743109e-04    4.229370637551448e-03    1.892273944845754e-05
    6.068106618913638e-01    3.297991967590462e+02    3.603587776844859e-03    8.748640871737932e-04    9.983954527150986e-06    0.000000000000000e+00   -3.278521044726175e-04    4.133758322773835e-03    2.682539129935258e-05
    6.144849317971377e-01    3.339701321258501e+02    3.481983403264790e-03    9.118830840317905e-04    1.125376445329708e-05    0.000000000000000e+00   -3.307565508632156e-04    4.039807077565102e-03    3.455662332155912e-05
    6.221859721663352e-01    3.381556171337339e+02    3.360683427556555e-03    9.470002953352947e-04    1.270388888591458e-05    0.000000000000000e+00   -3.321111075675690e-04    3.947541940155474e-03    4.073456405472194e-05
    6.299132482327785e-01    3.423553611393932e+02    3.240484501460780e-03    9.758057268452071e-04    1.390801090441479e-05    0.000000000000000e+00   -3.324722077597132e-04    3.857565858606268e-03    4.016017284441935e-05
    6.376662234084625e-01    3.465690725093676e+02    3.122562916329251e-03    9.988254447897342e-04    1.396833810581897e-05    0.000000000000000e+00   -3.324704662848313e-04    3.770305243649675e-03    3.258098929029675e-05
    6.454443593208165e-01    3.507964586402928e+02    3.007010090294343e-03    1.019970555568524e-03    1.364490255761848e-05    0.000000000000000e+00   -3.324658823946254e-04    3.685372673657766e-03    2.278699236809472e-05
    6.532471158500885e-01    3.550372259792177e+02    2.893064288674911e-03    1.041093684933604e-03    1.439512733720648e-05    0.000000000000000e+00   -3.326078912595441e-04    3.602348470460206e-03    1.359673922597150e-05
    6.610739511668524e-01    3.592910800439905e+02    2.780016776443261e-03    1.058701494457027e-03    1.553837971756391e-05    0.000000000000000e+00   -3.327789734434262e-04    3.520795419659563e-03    6.822575148632791e-07
    6.689243217696321e-01    3.635577254437068e+02    2.668087259805938e-03    1.073544424263057e-03    1.519460783340099e-05    0.000000000000000e+00   -3.327651972159296e-04    3.440788876567436e-03   -1.672778188096949e-05
    6.767976825226434e-01    3.678368658992221e+02    2.558205446906200e-03    1.093593166343621e-03    1.361828575579251e-05    0.000000000000000e+00   -3.321979169997335e-04    3.362787908812778e-03   -2.956892680690010e-05
    6.846934866936479e-01    3.721282042637253e+02    2.450090328926264e-03    1.120744503605615e-03    1.261438292511718e-05    0.000000000000000e+00   -3.311951725537200e-04    3.287003065402049e-03   -3.474902249877340e-05
    6.926111859919195e-01    3.764314425433736e+02    2.343139105042952e-03    1.154029798004517e-03    1.217913461485906e-05    0.000000000000000e+00   -3.297443670260517e-04    3.213510957882668e-03   -3.390728724639129e-05
    7.005502306063174e-01    3.807462819179847e+02    2.237572164263584e-03    1.191170479957733e-03    1.176608214896924e-05    0.000000000000000e+00   -3.272392558717787e-04    3.142066960151619e-03   -2.879748965311114e-05
    7.085100692434654e-01    3.850724227617871e+02    2.133393174309591e-03    1.228024000946503e-03    1.124135507586905e-05    0.000000000000000e+00   -3.236848565257695e-04    3.072299430254365e-03   -2.332575644817128e-05
    7.164901491660345e-01    3.894095646642269e+02    2.030684528494684e-03    1.267077084892252e-03    1.068828089267725e-05    0.000000000000000e+00   -3.198629716721951e-04    3.004098353347144e-03   -1.551143073972661e-05
    7.244899162311251e-01    3.937574064508281e+02    1.929650154250926e-03    1.309493220903927e-03    1.145239504641177e-05    0.000000000000000e+00   -3.166855081774822e-04    2.937892547635343e-03   -3.982285611562209e-06
    7.325088149287478e-01    3.981156462041064e+02    1.830329579877992e-03    1.350823399863843e-03    1.303827306088694e-05    0.000000000000000e+00   -3.144914153712161e-04    2.873549505508525e-03    6.150331922980760e-06
    7.405462884203970e-01    4.024839812845349e+02    1.732735295985386e-03    1.390752331032642e-03    1.436665625124546e-05    0.000000000000000e+00   -3.125765143427533e-04    2.810740901067793e-03    1.453686785872791e-05
    7.486017785777199e-01    4.068621083515592e+02    1.636595985766018e-03    1.427629632824273e-03    1.615874360730851e-05    0.000000000000000e+00   -3.096656954598663e-04    2.749664227909881e-03    2.105443882785248e-05
    7.566747260212722e-01    4.112497233846618e+02    1.541599947801072e-03    1.457707200561681e-03    1.879230293032225e-05    0.000000000000000e+00   -3.052453690188694e-04    2.690418185775104e-03    2.243589649910272e-05
    7.647645701593619e-01    4.156465217044737e+02    1.447983580567946e-03    1.482398671147631e-03    2.087020509565910e-05    0.000000000000000e+00   -3.000394536702138e-04    2.632965921474897e-03    1.824708166612557e-05
    7.728707492269781e-01    4.200521979939313e+02    1.356422412908284e-03    1.505657086196963e-03    2.157838332570669e-05    0.000000000000000e+00   -2.948182131130146e-04    2.577319204703380e-03    1.152046461455874e-05
    7.809927003247994e-01    4.244664463194778e+02    1.267648699663716e-03    1.529630178139917e-03    2.164480675995681e-05    0.000000000000000e+00   -2.899381551369546e-04    2.523621996212196e-03    5.363533214439165e-06
    7.891298594582827e-01    4.288889601523078e+02    1.181973237293372e-03    1.556811908114965e-03    2.211862844600346e-05    0.000000000000000e+00   -2.856653608670449e-04    2.472059528065493e-03    3.178884921803751e-06
    7.972816615768269e-01    4.333194323896527e+02    1.099075422392613e-03    1.587706117995783e-03    2.335701285237128e-05    0.000000000000000e+00   -2.819233509492650e-04    2.422797828517496e-03    5.417373774006286e-06
    8.054475406130110e-01    4.377575553761061e+02    1.018502741067157e-03    1.618706627902900e-03    2.500895015112959e-05    0.000000000000000e+00   -2.786282880027917e-04    2.375593740762928e-03    7.996290355465497e-06
    8.136269295219021e-01    4.422030209249878e+02    9.400473142173249e-04    1.649903491027935e-03    2.669329299023638e-05    0.000000000000000e+00   -2.759319161262594e-04    2.330038586125960e-03    1.067359598327716e-05
    8.218192603204307e-01    4.466555203397440e+02    8.636670917269024e-04    1.681670661083486e-03    2.791129217523240e-05    0.000000000000000e+00   -2.736145794595184e-04    2.285890665485609e-03    1.374380004049401e-05
    8.300239641268332e-01    4.511147444353843e+02    7.893918950577694e-04    1.707578399650300e-03    2.910517721249402e-05    0.000000000000000e+00   -2.707940469736995e-04    2.243403056600115e-03    1.187836834674839e-05
    8.382404712001545e-01    4.555803835599512e+02    7.174324966383174e-04    1.726034325507934e-03    2.999737004917362e-05    0.000000000000000e+00   -2.669068634807342e-04    2.202833247495942e-03    3.724081218748829e-06
    8.464682109798117e-01    4.600521276160225e+02    6.482055060815789e-04    1.742902532734812e-03    3.079165337714933e-05    0.000000000000000e+00   -2.623941278572441e-04    2.164418102439673e-03   -4.912538103376239e-06
    8.547066121252138e-01    4.645296660822448e+02    5.821065213209446e-04    1.759989106056547e-03    3.172666904338909e-05    0.000000000000000e+00   -2.575385722010850e-04    2.128099446150766e-03   -1.181572193096996e-05
    8.629551025554367e-01    4.690126880348967e+02    5.193907361236779e-04    1.776042110185818e-03    3.224150685134929e-05    0.000000000000000e+00   -2.520409659543555e-04    2.093580488768392e-03   -1.794710156190378e-05
    8.712131094889483e-01    4.735008821694789e+02    4.602012421900698e-04    1.792807124699643e-03    3.217859450107787e-05    0.000000000000000e+00   -2.459989781066749e-04    2.060923173168618e-03   -2.173518988450281e-05
    8.794800594833834e-01    4.779939368223320e+02    4.045305816212218e-04    1.812595719643175e-03    3.171080958663567e-05    0.000000000000000e+00   -2.401217407009925e-04    2.030318210896589e-03   -2.160284074654911e-05
    8.877553784753636e-01    4.824915399922785e+02    3.523151415385419e-04    1.833265069974434e-03    3.167640626166632e-05    0.000000000000000e+00   -2.349967038441338e-04    2.001960214317208e-03   -1.970030038669955e-05
    8.960384918203610e-01    4.869933793622884e+02    3.035855793438057e-04    1.852456340766539e-03    3.245603049609656e-05    0.000000000000000e+00   -2.307102957418732e-04    1.975908325029158e-03   -1.812067016459043e-05
    9.043288243326016e-01    4.914991423211665e+02    2.583856869646231e-04    1.870800109835874e-03    3.351194076361886e-05    0.000000000000000e+00   -2.269923441531023e-04    1.951997299944680e-03   -1.629190653366658e-05
    9.126258003250073e-01    4.960085159852606e+02    2.166448741117164e-04    1.889683029402353e-03    3.471999803016722e-05    0.000000000000000e+00   -2.237332809329146e-04    1.930079206701709e-03   -1.276458609038734e-05
    9.209288436491710e-01    5.005211872201886e+02    1.783018997051816e-04    1.908644306357340e-03    3.593749561156393e-05    0.000000000000000e+00   -2.210120235535171e-04    1.910112577952290e-03   -8.240899831720274e-06
    9.292373777353661e-01    5.050368426625823e+02    1.434979934515178e-04    1.926050789357670e-03    3.676322343620976e-05    0.000000000000000e+00   -2.186864592763022e-04    1.892249119437853e-03   -4.623572468756901e-06
    9.375508256325826e-01    5.095551687418480e+02    1.124020825707670e-04    1.940860562724283e-03    3.760909424864388e-05    0.000000000000000e+00   -2.164743858079969e-04    1.876543500083138e-03   -2.146146347440639e-06
    9.458686100485920e-01    5.140758517019406e+02    8.504287910214229e-05    1.953125865223498e-03    3.828066534996858e-05    0.000000000000000e+00   -2.141222256567732e-04    1.862823023388671e-03   -4.958393698348013e-07
    9.541901533900348e-01    5.185985776231519e+02    6.139210441676633e-05    1.963814362224947e-03    3.800845253761207e-05    0.000000000000000e+00   -2.113527903949363e-04    1.850861736974004e-03    1.000391810385051e-06
    9.625148778025282e-01    5.231230324439082e+02    4.143316043310061e-05    1.972291022425189e-03    3.787456345773416e-05    0.000000000000000e+00   -2.080333707409766e-04    1.840845708387885e-03    2.719667187162924e-06
    9.708422052107941e-01    5.276489019825805e+02    2.523127160929776e-05    1.978250847392083e-03    3.860358461449640e-05    0.000000000000000e+00   -2.044070903357781e-04    1.832946550079536e-03    4.732063200562752e-06
    9.791715573587998e-01    5.321758719593000e+02    1.291649519675764e-05    1.982730765738651e-03    3.983467727943623e-05    0.000000000000000e+00   -2.009014793878416e-04    1.827223182682867e-03    7.357276144136574e-06
    9.875023558499134e-01    5.367036280177831e+02    4.613917318269741e-06    1.986965595948964e-03    4.078859930374575e-05    0.000000000000000e+00   -1.979601457191576e-04    1.823569891498704e-03    1.083807535311935e-05
    9.958340221870678e-01    5.412318557471598e+02    4.256336498539526e-07    1.990038762917415e-03    4.121678163374870e-05    0.000000000000000e+00   -1.962324340967504e-04    1.821743295846680e-03    1.370544825758701e-05
